subID	 genre	 age	 task	 run	 Context 	 Statement	 Condition_name	 Situation	 Evaluation_Score	 Validation_Type	 Time_Context	 Time_Statement	 Voice_Context	 Voice_Statement	 Time_Onset	 Time_Onset_Context	 Time_End_Context	 Time_Onset_Statement	 Time_End_Statement	 Onset_Evaluation	 End_Evaluation	 Real_Time_Onset	 Real_Time_Onset_Context	 Real_Time_End_Context	 Real_Time_Onset_Statement	 Real_Time_End_Statement	 Real_Time_Onset_Evaluation	 Real_Time_End_Evaluation	 RT	 Jitter
12	1	23	tom	2	CPh2_10.wav	SNposf3_10.wav	CP_SNpos	10	5	valid	1.7423	0.85544	h2	f3	0	1	2.7423	4.1841	5.0395	6.0395	8.5015	0.0042304	1.0014	2.7433	4.1856	5.0404	6.0409	8.0029	1.962	1.4417
12	1	23	tom	2	CNh1_16.wav	SNnegf2_16.wav	CN_SNneg	16	4	valid	1.5868	0.65016	h1	f2	8.5015	9.5015	11.0883	12.0114	12.6615	13.6615	15.7565	8.5245	9.5031	11.0892	12.0127	12.6624	13.663	15.2579	1.5949	0.92308
12	1	23	tom	2	CNf3_14.wav	SPnegh1_14.wav	CN_SPneg	14	1	valid	1.9585	1.4469	f3	h1	15.7565	16.7565	18.715	19.6831	21.1301	22.1301	24.7562	15.7751	16.7578	18.7159	19.6844	21.131	22.1311	24.2572	2.1262	0.96816
12	1	23	tom	2	CPh1_1.wav	SNposh3_1.wav	CP_SNpos	1	2	valid	1.6061	1.0524	h1	h3	24.7562	25.7562	27.3623	28.6511	29.7036	30.7036	32.6645	24.7718	25.7577	27.3632	28.6525	29.7045	30.7049	32.1658	1.4609	1.2888
12	1	23	tom	2	CNf1_7.wav	SPnegh2_7.wav	CN_SPneg	7	5	valid	2.0374	1.1304	f1	h2	32.6645	33.6645	35.7019	36.7021	37.8324	38.8324	41.5345	32.6793	33.6659	35.7028	36.7034	37.8333	38.8338	41.0359	2.2021	1.0002
12	1	23	tom	2	CNh4_13.wav	SPnegh2_13.wav	CN_SPneg	13	3	valid	2.5239	0.8742	h4	h2	41.5345	42.5345	45.0584	46.3308	47.205	48.205	51.2993	41.5479	42.5359	45.0593	46.3322	47.2059	48.2064	50.8007	2.5943	1.2723
12	1	23	tom	2	CPh1_9.wav	SPposh3_9.wav	CP_SPpos	9	1	valid	1.6736	1.3226	h1	h3	51.2993	52.2993	53.9729	55.2693	56.5919	57.5919	58.9739	51.3129	52.3004	53.9739	55.2706	56.5928	57.5928	58.4748	0.88199	1.2963
12	1	23	tom	2	CPf1_7.wav	SPposh4_7.wav	CP_SPpos	7	1	valid	1.8508	1.0357	f1	h4	58.9739	59.9739	61.8247	62.3911	63.4269	64.4269	66.756	58.9888	59.9753	61.8256	62.3924	63.4281	64.4286	66.2577	1.8292	0.56648
12	1	23	tom	2	CPf4_9.wav	SNposh3_9.wav	CP_SNpos	9	3	directvalide	2.0725	1.121	f4	h3	66.756	67.756	69.8285	70.8947	72.0157	73.0157	75.2991	66.7712	67.7572	69.8294	70.896	72.0166	73.0171	74.8005	1.7835	1.0662
12	1	23	tom	2	CNf2_9.wav	SPnegh1_9.wav	CN_SPneg	9	1	valid	2.4979	1.4035	f2	h1	75.2991	76.2991	78.797	79.9931	81.3966	82.3966	84.0317	75.3146	76.3005	78.7979	79.9943	81.3975	82.3979	83.5329	1.135	1.1961
12	1	23	tom	2	CNf4_5.wav	SPnegf2_5.wav	CN_SPneg	5	3	directvalide	2.2631	0.82431	f4	f2	84.0317	85.0317	87.2947	88.3977	89.222	90.222	92.7824	84.0463	85.0331	87.2956	88.3991	89.2229	90.2234	92.2837	2.0603	1.103
12	1	23	tom	2	CNf3_11.wav	SPnegf4_11.wav	CN_SPneg	11	1	valid	2.2024	1.1901	f3	f4	92.7824	93.7824	95.9848	96.8578	98.0479	99.0479	101.1795	92.7971	93.7839	95.9856	96.859	98.0488	99.0491	100.6807	1.6316	0.87301
12	1	23	tom	2	CPh3_6.wav	SPposh4_6.wav	CP_SPpos	6	1	valid	2.0128	1.0307	h3	h4	101.1795	102.1795	104.1922	104.7902	105.8208	106.8208	108.3495	101.1942	102.1808	104.1932	104.7916	105.8218	106.8221	107.8508	1.0287	0.59794
12	1	23	tom	2	CPh3_1.wav	SPposf4_1.wav	CP_SPpos	1	1	valid	2.0823	1.1747	h3	f4	108.3495	109.3495	111.4318	112.7542	113.9289	114.9289	116.2955	108.3668	109.351	111.4327	112.7551	113.9298	114.9301	115.7968	0.86662	1.3223
12	1	23	tom	2	CPf4_15.wav	SNposf1_15.wav	CP_SNpos	15	3	valid	1.9186	1.0473	f4	f1	116.2955	117.2955	119.2141	119.8105	120.8578	121.8578	125.2052	116.3105	117.2965	119.215	119.8119	120.8587	121.859	124.7064	2.8474	0.59642
12	1	23	tom	2	CPh2_13.wav	SPposf2_13.wav	CP_SPpos	13	1	valid	1.8256	0.83011	h2	f2	125.2052	126.2052	128.0308	128.6886	129.5187	130.5187	131.8664	125.2252	126.2064	128.0318	128.6899	129.5196	130.52	131.3677	0.84774	0.65775
12	1	23	tom	2	CNh3_10.wav	SPnegf4_10.wav	CN_SPneg	10	2	valid	2.0823	1.0106	h3	f4	131.8664	132.8664	134.9488	136.1648	137.1754	138.1754	141.4954	131.8805	132.8679	134.9496	136.166	137.1763	138.1766	140.9967	2.8201	1.216
12	1	23	tom	2	CNh3_4.wav	SPnegf1_4.wav	CN_SPneg	4	5	valid	1.7662	1.267	h3	f1	141.4954	142.4954	144.2616	145.5698	146.8368	147.8368	149.747	141.5098	142.4967	144.2626	145.5713	146.8377	147.8376	149.2478	1.4102	1.3082
12	1	23	tom	2	CNh3_1.wav	SNnegf3_1.wav	CN_SNneg	1	1	valid	2.1412	1.1892	h3	f3	149.747	150.747	152.8882	154.1542	155.3434	156.3434	158.0581	149.7616	150.7479	152.889	154.1554	155.3447	156.3451	157.5598	1.2147	1.2661
12	1	23	tom	2	CPh4_14.wav	SNposf2_14.wav	CP_SNpos	14	3	valid	2.2474	1.0217	h4	f2	158.0581	159.0581	161.3055	162.795	163.8166	164.8166	167.8892	158.0719	159.0595	161.3064	162.7962	163.8176	164.818	167.3905	2.5725	1.4894
12	1	23	tom	2	CPf1_15.wav	SPposh2_15.wav	CP_SPpos	15	1	valid	1.4716	0.90673	f1	h2	167.8892	168.8892	170.3608	171.3562	172.2629	173.2629	176.685	167.904	168.8907	170.3616	171.3575	172.264	173.2644	176.1865	2.9221	0.99542
12	1	23	tom	2	CNf1_2.wav	SPnegh3_2.wav	CN_SPneg	2	4	valid	1.6943	1.4557	f1	h3	176.685	177.685	179.3793	180.4768	181.9325	182.9325	184.9361	176.6994	177.6863	179.3803	180.4781	181.9334	182.9339	184.4375	1.5036	1.0975
12	1	23	tom	2	CNf3_15.wav	SPnegh3_15.wav	CN_SPneg	15	1	valid	2.2024	1.1976	f3	h3	184.9361	185.9361	188.1385	189.5438	190.7414	191.7414	193.1487	184.9507	185.9374	188.1395	189.545	190.7423	191.7425	192.6498	0.9073	1.4052
12	1	23	tom	2	CPf3_8.wav	SPposh3_8.wav	CP_SPpos	8	1	valid	1.6434	1.0323	f3	h3	193.1487	194.1487	195.792	196.3486	197.3809	198.3809	199.6659	193.1627	194.1496	195.793	196.3496	197.3818	198.3819	199.1669	0.78502	0.55654
12	1	23	tom	2	CPf3_3.wav	SNposh3_3.wav	CP_SNpos	3	2	valid	1.8647	1.0605	f3	h3	199.6659	200.6659	202.5306	203.0774	204.1379	205.1379	208.2404	199.6893	200.6672	202.5316	203.0786	204.1388	205.1392	207.7416	2.6024	0.54677
12	1	23	tom	2	CPf1_8.wav	SNposh4_8.wav	CP_SNpos	8	3	valid	1.4084	1.0156	f1	h4	208.2404	209.2404	210.6488	211.5112	212.5268	213.5268	215.6673	208.2541	209.2417	210.6497	211.5122	212.528	213.5281	215.1686	1.6405	0.86242
12	1	23	tom	2	CPh3_5.wav	SPposh1_5.wav	CP_SPpos	5	1	valid	2.3388	0.81029	h3	h1	215.6673	216.6673	219.0061	219.711	220.5213	221.5213	223.0036	215.6809	216.6688	219.007	219.712	220.5222	221.5222	222.5045	0.98231	0.70488
12	1	23	tom	2	CNf3_16.wav	SPnegf1_16.wav	CN_SPneg	16	1	valid	1.8798	0.87574	f3	f1	223.0036	224.0036	225.8833	226.6347	227.5104	228.5104	229.7315	223.0172	224.0049	225.8841	226.6359	227.5113	228.5116	229.2327	0.72112	0.75132
12	1	23	tom	2	CNf1_6.wav	SPnegh4_6.wav	CN_SPneg	6	3	valid	2.4798	1.1413	f1	h4	229.7315	230.7315	233.2113	234.2069	235.3482	236.3482	239.1622	229.7491	230.7327	233.2122	234.2081	235.3491	236.3496	238.6636	2.314	0.99565
12	1	23	tom	2	CPh4_3.wav	SPposh3_3.wav	CP_SPpos	3	1	valid	2.1244	1.125	h4	h3	239.1622	240.1622	242.2866	243.542	244.667	245.667	247.0929	239.1762	240.1634	242.2875	243.5431	244.6679	245.6682	246.5942	0.92592	1.2553
12	1	23	tom	2	CPh2_12.wav	SPposh4_12.wav	CP_SPpos	12	1	valid	1.9761	0.87986	h2	h4	247.0929	248.0929	250.069	250.6654	251.5453	252.5453	253.9849	247.1091	248.0949	250.0699	250.6666	251.5462	252.5464	253.486	0.9396	0.5964
12	1	23	tom	2	CPh2_4.wav	SPposf3_4.wav	CP_SPpos	4	1	valid	2.4925	1.3003	h2	f3	253.9849	254.9849	257.4774	258.4861	259.7865	260.7865	262.154	254.0029	254.9862	257.4783	258.4875	259.7873	260.7877	261.6552	0.86755	1.0088
12	1	23	tom	2	CNf2_11.wav	SNnegf1_11.wav	CN_SNneg	11	1	valid	2.744	0.84263	f2	f1	262.154	263.154	265.898	267.0259	267.8685	268.8685	270.1502	262.1677	263.1553	265.8989	267.0272	267.8694	268.8698	269.6515	0.7817	1.1278
12	1	23	tom	2	CPf3_16.wav	SPposh3_16.wav	CP_SPpos	16	1	valid	2.0749	0.82261	f3	h3	270.1502	271.1502	273.2251	274.6738	275.4964	276.4964	278.3131	270.1663	271.1516	273.2259	274.6751	275.4973	276.4975	277.8142	1.3167	1.4487
12	1	23	tom	2	CNf2_10.wav	SNnegh4_10.wav	CN_SNneg	10	2	valid	2.2019	0.90499	f2	h4	278.3131	279.3131	281.515	282.6133	283.5183	284.5183	286.9832	278.3289	279.3144	281.5159	282.6146	283.5192	284.5195	286.4844	1.9649	1.0984
12	1	23	tom	2	CPh4_2.wav	SPposf2_2.wav	CP_SPpos	2	1	valid	2.0214	1.3322	h4	f2	286.9832	287.9832	290.0046	291.0894	292.4216	293.4216	294.924	286.9977	287.9847	290.0055	291.0906	292.4225	293.4229	294.4252	1.0024	1.0847
12	1	23	tom	2	CNh1_8.wav	SPnegh4_8.wav	CN_SPneg	8	1	valid	1.9775	0.90499	h1	h4	294.924	295.924	297.9015	298.7596	299.6646	300.6646	302.0081	294.9389	295.9251	297.9024	298.7613	299.6655	300.6659	301.5095	0.84357	0.85813
12	1	23	tom	2	CNf1_3.wav	SNnegh3_3.wav	CN_SNneg	3	1	valid	2.7506	1.2218	f1	h3	302.0081	303.0081	305.7588	306.8399	308.0617	309.0617	310.4753	302.0231	303.0093	305.7596	306.8409	308.0627	309.0629	309.9765	0.91358	1.0812
12	1	23	tom	2	CNh4_12.wav	SNnegh1_12.wav	CN_SNneg	12	1	valid	2.916	0.57395	h4	h1	310.4753	311.4753	314.3913	315.8063	316.3802	317.3802	319.5443	310.4902	311.4765	314.3923	315.8076	316.3813	317.3813	319.0455	1.6641	1.415
12	1	23	tom	2	CPh1_10.wav	SPposh4_10.wav	CP_SPpos	10	1	valid	1.5489	0.7793	h1	h4	319.5443	320.5443	322.0932	323.2582	324.0375	325.0375	326.421	319.5574	320.5458	322.0945	323.2595	324.0384	325.0387	325.9222	0.88351	1.165
12	1	23	tom	2	CNh2_12.wav	SPnegh4_12.wav	CN_SPneg	12	1	valid	2.094	1.0407	h2	h4	326.421	327.421	329.5151	330.6117	331.6525	332.6525	334.3253	326.4365	327.4222	329.5159	330.6128	331.6534	332.6537	333.8266	1.1728	1.0967
12	1	23	tom	2	CNh3_7.wav	SNnegf3_7.wav	CN_SNneg	7	2	valid	2.2218	1.2541	h3	f3	334.3253	335.3253	337.5471	338.6967	339.9508	340.9508	342.7561	334.3406	335.3266	337.548	338.6979	339.9517	340.9521	342.2574	1.3053	1.1496
12	1	23	tom	2	CNh4_13.wav	SNnegf1_13.wav	CN_SNneg	13	1	valid	2.5239	0.90884	h4	f1	342.7561	343.7561	346.28	347.0797	347.9885	348.9885	350.2138	342.7693	343.7574	346.281	347.0809	347.9894	348.9897	349.715	0.72526	0.79966
12	1	23	tom	2	CPh2_4.wav	SNposf3_4.wav	CP_SNpos	4	4	valid	2.4925	1.5511	h2	f3	350.2138	351.2138	353.7063	354.5851	356.1362	357.1362	358.4134	350.2307	351.2151	353.7072	354.5862	356.1371	357.1374	357.9145	0.77716	0.87877
12	1	23	tom	2	CNf1_3.wav	SPnegf4_3.wav	CN_SPneg	3	2	valid	2.7506	1.5031	f1	f4	358.4134	359.4134	362.164	362.8499	364.353	365.353	366.7303	358.4278	359.4145	362.1649	362.8512	364.3539	365.3541	366.2314	0.8773	0.68594
12	1	23	tom	2	CNh3_14.wav	SNnegh1_14.wav	CN_SNneg	14	1	valid	1.8912	0.9405	h3	h1	366.7303	367.7303	369.6215	370.4331	371.3736	372.3736	374.4633	366.7447	367.7314	369.6224	370.4343	371.3744	372.3746	373.9644	1.5898	0.8116
12	1	23	tom	2	CNh3_5.wav	SNnegh4_5.wav	CN_SNneg	5	2	valid	1.9799	0.99549	h3	h4	374.4633	375.4633	377.4432	378.2571	379.2526	380.2526	382.7542	374.4776	375.4645	377.4444	378.2583	379.2535	380.2537	382.2553	2.0016	0.81384
12	1	23	tom	2	CNf2_6.wav	SNnegh2_6.wav	CN_SNneg	6	3	directvalide	2.7307	0.98805	f2	h2	382.7542	383.7542	386.4849	387.6151	388.6031	389.6031	393.2813	382.7683	383.7554	386.4858	387.616	388.604	389.6042	392.7824	3.1782	1.1302
12	1	23	tom	2	CNf4_9.wav	SNnegh3_9.wav	CN_SNneg	9	1	valid	2.6368	1.1573	f4	h3	393.2813	394.2813	396.9181	397.4464	398.6037	399.6037	401.2213	393.2954	394.2825	396.919	397.4475	398.6046	399.6049	400.7225	1.1176	0.52831
12	1	23	tom	2	CNf2_2.wav	SNnegf1_2.wav	CN_SNneg	2	3	directvalide	1.969	1.1255	f2	f1	401.2213	402.2213	404.1904	405.426	406.5515	407.5515	410.2811	401.2361	402.2226	404.1913	405.427	406.5524	407.5528	409.7824	2.2296	1.2356
12	1	23	tom	2	CNh4_15.wav	SNnegh2_15.wav	CN_SNneg	15	3	valid	2.4177	1.1873	h4	h2	410.2811	411.2811	413.6988	414.9978	416.1851	417.1851	419.4612	410.2957	411.2823	413.6997	414.9988	416.1861	417.1863	418.9624	1.7761	1.299
12	1	23	tom	2	CPf3_14.wav	SPposf1_14.wav	CP_SPpos	14	1	valid	2.2174	1.0714	f3	f1	419.4612	420.4612	422.6786	424.0959	425.1673	426.1673	427.7531	419.4759	420.4621	422.6796	424.097	425.1682	426.1685	427.2543	1.0858	1.4173
12	1	23	tom	2	CNh1_1.wav	SPnegf2_1.wav	CN_SPneg	1	3	valid	1.7653	1.0159	h1	f2	427.7531	428.7531	430.5184	431.049	432.0648	433.0648	435.5302	427.768	428.7542	430.5193	431.0501	432.0657	433.0659	435.0312	1.9653	0.53059
12	1	23	tom	2	CPf3_13.wav	SNposf2_13.wav	CP_SNpos	13	4	valid	1.7859	1.0318	f3	f2	435.5302	436.5302	438.3161	438.8573	439.8892	440.8892	442.9669	435.5445	436.5312	438.317	438.8584	439.8901	440.8903	442.4681	1.5778	0.54125
12	1	23	tom	2	CPf3_11.wav	SPposh3_11.wav	CP_SPpos	11	1	valid	2.5626	1.246	f3	h3	442.9669	443.9669	446.5296	447.4778	448.7238	449.7238	450.8543	442.9837	443.9679	446.5305	447.4789	448.7247	449.7248	450.3553	0.63051	0.94821
12	1	23	tom	2	CPh4_12.wav	SNposf2_12.wav	CP_SNpos	12	1	valid	2.3305	0.89977	h4	f2	450.8543	451.8543	454.1848	455.3431	456.2428	457.2428	459.2517	450.868	451.8553	454.1857	455.3445	456.2443	457.2445	458.7533	1.5088	1.1583
12	1	23	tom	2	CNf1_4.wav	SNnegh1_4.wav	CN_SNneg	4	1	valid	1.5589	1.1093	f1	h1	459.2517	460.2517	461.8106	463.0596	464.1689	465.1689	466.9283	459.267	460.2525	461.8114	463.0611	464.1698	465.1701	466.4294	1.2593	1.2491
12	1	23	tom	2	CPh2_5.wav	SNposf3_5.wav	CP_SNpos	5	4	valid	2.2688	1.1436	h2	f3	466.9283	467.9283	470.1971	471.2989	472.4425	473.4425	475.4299	466.9441	467.9296	470.198	471.3001	472.4434	473.4436	474.931	1.4874	1.1018
12	1	23	tom	2	CNf4_8.wav	SNnegf1_8.wav	CN_SNneg	8	1	valid	2.4726	0.94544	f4	f1	475.4299	476.4299	478.9025	480.2987	481.2441	482.2441	484.0122	475.4446	476.431	478.9034	480.2998	481.245	482.2451	483.5133	1.2681	1.3962
12	1	23	tom	2	CPh4_16.wav	SNposh2_16.wav	CP_SNpos	16	3	valid	2.5525	0.64651	h4	h2	484.0122	485.0122	487.5647	488.8818	489.5283	490.5283	494.0841	484.0287	485.0133	487.5657	488.8828	489.5292	490.5294	493.5853	3.0558	1.317
12	1	23	tom	2	CPf4_2.wav	SNposh1_2.wav	CP_SNpos	2	1	valid	1.9699	1.0129	f4	h1	494.0841	495.0841	497.054	498.2933	499.3062	500.3062	502.48	494.0993	495.0853	497.0549	498.2945	499.3071	500.3073	501.9811	1.6739	1.2393
12	1	23	tom	2	CPh1_6.wav	SNposf2_6.wav	CP_SNpos	6	2	valid	1.8135	0.98395	h1	f2	502.48	503.48	505.2935	506.6407	507.6246	508.6246	511.0459	502.4946	503.4812	505.2944	506.6424	507.6255	508.6259	510.5472	1.9213	1.3472
12	1	23	tom	2	CPh2_7.wav	SNposf4_7.wav	CP_SNpos	7	1	valid	2.1103	1.3594	h2	f4	511.0459	512.0459	514.1562	515.5318	516.8913	517.8913	519.2178	511.0607	512.047	514.1571	515.5331	516.8922	517.8926	518.719	0.82649	1.3757
12	1	23	tom	2	CPf4_11.wav	SNposh3_11.wav	CP_SNpos	11	3	directvalide	2.9292	0.79438	f4	h3	519.2178	520.2178	523.1469	524.4879	525.2822	526.2822	526.7829	519.2319	520.2188	523.1479	524.4889	525.2831	526.2834	526.2841	0.0006656	1.3409
