ons.statement_evaluation.prosody.CN_SNneg	ons.statement_evaluation.prosody.CN_SPneg	ons.statement_evaluation.prosody.CP_SNpos	ons.statement_evaluation.prosody.CP_SPpos	ons.statement_evaluation.semantic.CN_SNneg	ons.statement_evaluation.semantic.CN_SPneg	ons.statement_evaluation.semantic.CP_SNpos	ons.statement_evaluation.semantic.CP_SPpos	ons.statement_evaluation.irony.CN_SNneg	ons.statement_evaluation.irony.CN_SPneg	ons.statement_evaluation.irony.CP_SNpos	ons.statement_evaluation.irony.CP_SPpos	ons.statement_evaluation.sarcasm.CN_SNneg	ons.statement_evaluation.sarcasm.CN_SPneg	ons.statement_evaluation.sarcasm.CP_SNpos	ons.statement_evaluation.sarcasm.CP_SPpos	ons.statement_evaluation.tom.CN_SNneg	ons.statement_evaluation.tom.CN_SPneg	ons.statement_evaluation.tom.CP_SNpos	ons.statement_evaluation.tom.CP_SPpos	
0.516688	0.668925	0.248667	-0.176749	-0.245785	0.0165643	-0.141467	-0.541331	0.819107	0.389127	0.388676	0.705311	0.0104922	0.661641	0.0904655	0.450629	-0.5158	-0.862165	-0.579902	-0.438475	
-0.331821	-0.236665	-1.39539	-1.32926	0.510082	0.840686	0.186024	1.67133	-1.22819	-0.886274	-0.190148	-1.61854	0.158503	-0.320551	-0.00671462	-1.42619	0.0156511	0.162638	-0.303221	-0.981229	
0.925578	0.998226	0.814357	0.612318	-0.205318	-0.604615	-0.521364	-0.240228	0.889809	-0.12625	0.661552	0.947828	0.399264	0.289099	0.38544	0.626044	0.0349842	0.273351	0.287978	0.330004	
0.631201	0.340025	0.356321	1.01516	0.122285	-0.0503172	0.0379382	0.218145	0.481393	0.978096	0.119134	0.579118	-0.666473	-0.353214	-0.270927	-0.417242	-1.19298	-0.525112	-0.925018	-0.29411	
-0.540995	-0.104631	0.675095	-0.249095	-0.513389	-0.458892	-0.565477	-0.531049	-0.767438	-0.575951	0.202387	-0.806431	0.17822	0.573708	0.89201	0.280342	-0.529715	0.643889	0.433524	0.454156	
1.39163	1.65421	0.881838	0.822208	1.1774	1.55533	1.5237	2.07639	0.936128	0.0903059	2.42272	-0.282077	-0.258654	1.37165	0.23638	-0.505756	-0.0156752	0.564444	-0.465337	0.221096	
1.69635	2.23778	1.73995	1.49646	1.35272	1.76185	1.69213	1.06546	1.15565	1.06297	1.36327	1.14007	1.55729	1.29757	1.29841	1.14989	0.224191	0.902668	1.08264	0.849806	
1.90945	1.63241	1.87877	1.41504	0.829637	1.53442	1.26821	1.2412	1.34017	1.64123	1.30974	1.31998	1.64479	1.50132	1.77286	2.15597	0.286521	0.952871	0.415237	0.45752	
0.871132	0.748183	1.25369	0.426009	1.25114	0.467911	0.0772159	0.348813	0.238391	0.149469	-0.0308106	-0.127642	0.414541	0.970265	0.0908469	0.665343	1.42409	0.626904	0.360591	0.3426	
-0.0945802	-0.388349	0.0738587	-0.382454	-0.413772	-0.283941	-0.193752	0.0147293	0.10786	-0.228261	-0.0791655	-0.25879	-0.209767	-0.486764	-0.689497	-0.50692	-0.00319224	-0.178043	-0.0188847	-0.30723	
-2.11742	-1.60972	-2.44259	-1.81148	-2.2134	-1.20009	-1.34196	-2.41218	-1.77947	-2.16975	-2.41607	-1.86405	-3.08605	-2.63159	-2.07061	-1.86423	-0.346511	0.992086	0.132274	0.0523337	
0.463415	0.53851	0.238071	0.30889	-0.152401	-0.539889	-0.0268127	-0.381902	-0.00305337	0.236246	0.228438	0.702553	0.545677	0.317446	0.117498	0.214809	0.277207	0.155924	0.252023	0.219077	
3.25681	3.55001	0.153909	-0.601939	3.56963	2.10806	1.76751	1.13384	3.60593	1.50387	3.94242	1.46483	0.988174	2.2859	3.311	1.52847	3.14272	1.33195	2.89706	0.0518428	
0.874396	0.48035	1.52328	1.04884	0.553853	0.945607	0.668536	0.264001	-0.7025	0.904599	0.689464	0.642789	1.00223	0.596303	0.911885	0.825592	0.844443	0.339731	0.649291	0.345325	
-0.278493	-0.851848	-0.130611	-0.183156	0.0696291	0.220694	-0.179907	-0.378915	0.30682	0.397755	0.243781	0.276907	-0.0972504	0.374076	-0.0215003	-0.0363103	0.486667	0.787423	0.616026	0.0495173	
1.19932	1.71259	1.86481	1.34475	1.98605	2.45051	2.09404	2.2219	1.97069	2.28205	2.01061	1.36169	1.43758	1.47454	1.1482	0.843327	0.458444	0.856508	1.3841	0.643839	
0.525119	1.23989	1.08046	1.05767	0.969049	1.93052	0.631241	0.654173	1.19012	1.87805	1.71629	1.05701	1.94511	1.88005	1.53999	1.40392	0.698995	0.637105	0.52114	0.557679	
0.343514	0.36779	0.265692	0.547697	1.06808	1.2386	1.28725	1.0153	-0.355211	-0.18553	0.366514	0.701677	0.820456	1.68786	1.15988	1.12971	0.357595	0.975357	1.35193	0.635369	
1.3881	1.37657	2.12524	1.93989	2.1528	0.790937	0.803336	0.895517	0.799015	0.753548	1.11676	1.61091	1.51829	1.61726	1.50076	1.81839	1.25318	0.594849	-0.143931	1.24967	
0.742738	-0.401497	-0.451844	-0.459077	-0.918798	-0.601067	0.248357	-1.33053	0.515826	0.325562	0.104366	-0.454011	0.0494377	-0.356954	-0.145211	-0.543955	-0.146994	0.737445	-0.366737	-1.05398	
5.42196	5.17721	7.13376	9.17394	1.55109	2.88751	0.912837	1.90514	1.79495	1.33164	2.41791	1.00837	2.44872	1.32798	2.16769	2.70382	1.64818	2.84231	2.19375	2.15535	
1.86101	3.46897	1.85362	2.53101	1.69573	1.70495	2.75009	2.38856	3.67074	1.74246	3.13635	3.12073	0.32367	1.73991	1.21935	1.11671	2.14367	2.16125	2.34471	2.61369	
0.35603	0.824708	0.500741	0.475063	0.19867	0.624716	0.335115	0.24	-0.0355301	-0.0176243	0.169306	-0.0843298	0.118578	0.0956174	0.0703091	0.189128	0.143173	-0.367783	-0.0512987	-0.0605208	
0.752605	0.576137	0.737483	0.603771	0.997344	1.3342	1.46744	1.34306	0.96897	0.71148	0.734	1.17645	0.660455	1.54258	1.24083	1.0139	0.990736	1.70923	0.917622	1.00572	
0.820707	1.0387	0.903947	1.02543	0.13765	1.1919	0.555471	0.346803	-0.418787	0.284795	-0.696938	0.0739993	1.33681	1.8425	1.81151	1.24248	-0.832996	0.484584	0.499146	0.163168	
0.468004	1.10199	1.1937	0.717709	0.574192	0.741035	0.961026	1.22538	2.08696	1.79723	1.32188	0.992887	0.273684	1.04332	1.03153	0.991635	0.164872	0.398011	0.718841	0.283209	
0.747752	1.56991	1.40865	0.492349	1.80329	2.89282	1.61204	2.33256	0.535278	0.58861	1.31995	1.00133	0.856553	0.446312	1.25409	0.903006	1.37356	0.837287	0.967244	1.11622	
1.18942	2.07309	1.70363	1.57597	1.86729	2.57909	2.00137	1.37168	1.56728	0.822017	1.31071	0.928531	0.458617	1.58983	1.61945	0.32077	0.419626	1.50257	1.39476	-0.496639	
0.17573	0.954522	0.356407	0.0804498	0.288257	0.680162	0.112444	0.287264	0.837373	1.54198	1.04555	1.05676	-0.375345	0.463289	0.199747	-0.015735	0.35171	0.549413	0.257873	0.560186	
-0.115189	0.688209	0.278279	-0.905698	-0.937327	0.342965	0.0482585	-0.775855	0.27741	-0.402196	0.470877	0.22237	0.610053	0.41494	-0.031946	-0.0812128	-1.15256	-0.385546	-0.627515	-2.68344	
0.442416	1.84353	1.5009	1.11331	0.793822	2.21319	1.51527	0.728654	0.701876	1.67461	1.602	-0.123439	0.747498	1.05964	1.28422	-0.63851	0.87864	1.48069	1.81643	0.662446	
0.365014	0.365709	0.0806205	-0.324896	1.27939	2.07665	1.03439	0.819121	0.270767	0.682517	0.451539	0.570628	-0.384656	0.0346519	0.350567	0.392049	0.150619	0.247746	0.149688	0.193608	
3.58867	0.467153	-0.0819342	0.047622	0.370743	0.683272	-0.35428	-0.905494	0.702111	0.326094	0.209622	0.0526781	-0.459536	0.40433	0.130981	-0.0241658	-0.419143	1.39765	0.408932	-0.141075	
1.04075	2.21161	2.38598	1.63185	1.85606	1.45439	1.97118	1.08732	1.18726	1.02309	1.18733	1.07327	1.525	1.16196	1.38229	0.966118	0.871886	0.401479	0.702341	0.856541	
0.9438	0.736444	0.48943	-0.186728	1.5612	0.658545	1.55617	0.201548	0.568051	1.29039	0.396665	1.86247	-0.354806	0.667895	0.368603	-0.0328176	-0.4518	-0.103701	-0.983041	-1.28426	
1.91065	2.31418	2.60823	1.62011	1.70176	2.25002	2.73249	1.41823	2.78108	1.87257	2.08961	2.08652	1.98841	1.08287	2.44619	2.08534	2.25792	1.83581	2.19239	2.25544	
2.33582	2.9079	3.16642	2.93083	2.61986	2.82	3.75676	2.21247	1.64981	2.46166	2.68343	1.83666	1.90315	1.90996	1.97489	1.13546	1.65392	1.36567	1.61198	2.28941	
1.64188	1.7107	1.72649	1.37158	1.04052	1.63818	1.13714	1.32772	0.569802	0.796929	1.42608	0.827362	0.778541	1.14712	1.25718	0.536926	1.04261	1.4682	1.0491	0.582303	
0.0439514	0.317779	1.1004	0.534445	0.70591	1.23496	2.84813	1.06422	0.270485	-0.220461	-0.199653	0.376233	0.467584	2.9075	2.3459	1.48064	1.66988	0.633511	-0.876937	-0.0550832	
-0.0580132	0.353527	-0.147562	-0.377362	0.463585	-0.226634	-0.265916	-0.21422	0.404703	0.47908	0.642765	0.28763	0.576275	-0.0126588	0.774262	-0.158778	-0.000647752	-0.356497	-0.460064	-0.435823	
1.39926	1.87606	2.08438	1.76672	0.874929	1.32914	1.90068	0.274019	0.124785	0.634588	0.735387	0.651585	1.73765	1.41281	2.09357	0.956469	-0.0526836	0.429786	0.286276	0.0594869	
-0.285009	1.85901	0.296714	0.845545	-0.703661	0.870342	1.06703	0.0663059	0.672923	0.475762	0.653848	-0.0665917	1.64101	1.74976	0.866196	-0.156033	0.182318	0.645571	0.158934	-0.738634	
0.203828	1.32149	0.991259	0.556798	0.647818	0.0862706	0.136592	0.0086948	0.210324	0.788159	1.29026	0.535869	1.25393	1.42558	0.720553	0.870255	0.589769	0.93204	0.0912425	-0.26174	
0.620846	1.9653	2.76986	1.47187	1.60975	2.32654	2.35341	0.830879	0.0786061	1.96056	2.15976	0.660059	0.589172	1.36352	1.12661	0.826917	0.564323	0.875559	1.05943	1.10794	
1.07794	1.29892	1.62953	0.359903	-0.0115955	0.257131	0.224862	-0.0646488	1.72565	1.21617	1.61501	0.996264	0.824513	0.955713	0.375468	1.36273	0.375752	1.12463	0.52587	0.127577	
-1.06428	-0.695285	-1.71604	-1.61765	-1.16527	-1.04032	-1.11305	-1.19553	-1.41085	-1.11621	-0.83468	-1.18218	-0.0269062	-0.127019	0.772302	-1.03332	-1.03552	-0.526117	-1.194	-1.46184	
1.2284	1.24602	1.55043	0.739074	-0.00197984	0.598173	0.09821	-0.563364	0.493798	0.353904	0.687379	1.05819	0.611166	0.836967	1.02364	0.54206	1.98423	2.23524	1.5458	1.41383	
-0.236831	0.235728	0.972337	0.0930697	1.49769	2.24019	1.17373	1.27905	2.81357	2.2879	1.78056	1.84369	1.85818	1.61477	1.65049	2.39988	2.07519	2.78609	2.44454	1.5761	
-0.412474	0.461596	0.593545	-1.58887	-0.600424	0.701283	0.253415	0.239722	-0.278335	-0.888324	-0.668503	-0.460399	-0.1844	-0.0185814	0.07327	0.275305	-0.401327	-0.0181068	-0.298464	-1.55437	
2.83295	2.50483	4.05251	1.61012	2.51681	2.45247	1.91386	2.40212	0.669006	-0.512421	2.67335	0.219879	0.00654302	-0.44881	0.321344	1.31055	-0.33468	-0.834419	-0.700526	-1.24926	
