ons.statement_evaluation.prosody.CN_SNneg	ons.statement_evaluation.prosody.CN_SPneg	ons.statement_evaluation.prosody.CP_SNpos	ons.statement_evaluation.prosody.CP_SPpos	ons.statement_evaluation.semantic.CN_SNneg	ons.statement_evaluation.semantic.CN_SPneg	ons.statement_evaluation.semantic.CP_SNpos	ons.statement_evaluation.semantic.CP_SPpos	ons.statement_evaluation.irony.CN_SNneg	ons.statement_evaluation.irony.CN_SPneg	ons.statement_evaluation.irony.CP_SNpos	ons.statement_evaluation.irony.CP_SPpos	ons.statement_evaluation.sarcasm.CN_SNneg	ons.statement_evaluation.sarcasm.CN_SPneg	ons.statement_evaluation.sarcasm.CP_SNpos	ons.statement_evaluation.sarcasm.CP_SPpos	ons.statement_evaluation.tom.CN_SNneg	ons.statement_evaluation.tom.CN_SPneg	ons.statement_evaluation.tom.CP_SNpos	ons.statement_evaluation.tom.CP_SPpos	
1.06422	1.59138	0.908834	0.6373	0.490181	0.890991	0.701315	0.661349	1.46172	1.57894	1.7186	1.80823	1.97953	2.38818	1.546	1.13048	1.28842	1.41467	1.3379	0.900601	
-0.0288517	0.256884	0.0211007	-0.822136	-0.0139651	1.32107	0.160368	-0.403255	0.13654	-0.511711	0.850759	-0.185147	1.07275	1.36494	1.45092	0.839268	-1.34936	-0.461046	0.219562	0.176527	
-0.344284	0.146297	0.308212	0.00839178	-1.2703	-0.31022	-0.216134	-1.20681	-0.828369	-1.12407	-0.918763	-0.728671	-0.433965	-1.09893	-0.729467	-0.49043	-0.396086	0.100584	0.720859	-0.105533	
0.451472	-0.0695404	0.383808	1.12531	-0.428843	-0.360849	-0.753109	0.133086	-0.115033	0.290905	-0.628259	0.414646	-0.708602	-0.332971	-0.405723	-0.895258	-0.913852	-0.909571	-0.705106	-0.575369	
-0.351641	0.705003	0.337547	0.394875	1.16719	-0.11954	0.609721	0.91743	1.45202	0.327912	0.0548576	0.790381	0.867294	0.57446	1.21744	0.859913	1.85611	1.18307	1.40917	1.20044	
0.303444	0.343733	-0.192734	-0.0522806	0.166548	0.74346	0.173264	-0.0683804	0.217292	0.185898	0.00592457	0.0785705	0.274832	0.807102	0.460458	-0.0662187	0.316321	0.354101	0.498869	0.507424	
-0.266752	-0.317011	-0.461075	-0.811298	0.200528	0.0373453	-0.306683	-0.200009	-0.133069	-0.0108312	-0.122807	0.0116138	0.431205	-0.317028	-0.604314	-1.10692	0.140222	0.488357	0.28754	0.298016	
-1.48748	-1.68304	-1.15321	-1.01842	-1.00697	-0.28076	-1.20688	-1.3121	-0.753713	-0.437569	-0.0791093	-0.225114	-1.02945	-0.539887	-0.203323	-0.322246	0.6344	0.334741	0.469047	1.0476	
-1.0692	-0.453788	-0.611499	-0.574569	2.31251	-0.279338	0.118099	1.1233	0.577019	-0.0573093	0.344991	0.712921	0.568586	1.02729	-0.320566	0.217169	-0.0144882	0.60295	0.0998194	-0.115595	
0.335759	-0.285861	-0.269707	-0.87768	-0.117782	0.214121	0.228766	-0.890043	-0.630698	-0.825652	-1.14068	-0.953833	-0.477638	-0.170278	0.226086	-0.530844	-0.9705	-1.10114	-0.600212	-1.57835	
3.4969	3.69871	4.29644	4.23421	-0.635876	-0.140286	-0.199239	-1.22579	0.551996	-0.69785	-0.0211892	0.461056	1.09944	2.70331	3.21246	3.33905	-0.123222	0.67601	-0.124838	0.849807	
0.913925	0.19965	0.365104	0.126928	0.600615	0.78192	0.049816	0.317065	-0.0259759	0.132692	0.674414	0.0623804	0.470087	0.883592	0.337303	0.360697	0.738615	0.405526	0.384805	0.449133	
3.97467	2.37302	2.80743	-0.513155	-0.286251	1.2103	-0.150714	0.61582	0.972772	-0.316126	0.738861	0.553347	0.850412	2.24642	1.58066	0.682488	1.75383	2.83449	1.54262	0.105535	
0.507711	-0.0153004	0.791705	0.120199	0.538829	0.430883	0.262933	0.335762	-0.914754	0.289539	0.228024	0.485423	0.216712	0.0916394	-0.148504	-0.605312	0.0738168	0.0679791	0.251543	-0.0837464	
0.568877	-0.0810087	-0.230676	0.635141	0.203997	0.405218	-0.0498332	-0.743114	0.920778	0.890135	0.423053	0.751259	-0.337854	0.939893	0.0800794	0.334865	0.750518	1.01251	0.703678	0.515191	
-0.0732497	1.19601	1.19685	-0.394631	0.156106	0.502651	0.0991569	0.173993	1.07749	0.0431759	0.860153	-0.0272088	0.10564	0.631593	-0.21976	0.37677	-0.330494	-0.666821	-0.0208678	-0.681246	
-0.568458	-0.0158394	1.53178	1.10788	-1.12248	0.474821	-1.35158	-2.10758	-0.28139	1.39258	1.74109	0.526941	0.646335	1.33161	0.471437	-0.565358	0.468242	-0.302616	0.74774	1.36792	
0.314168	0.879539	1.09462	0.418732	1.88941	1.19369	1.7034	1.45926	0.266465	0.723886	0.871945	0.281744	1.09572	1.13888	1.19792	1.02546	0.784915	1.3662	1.16053	0.883882	
1.19142	2.02231	0.399251	1.09798	-0.7263	-0.240476	-0.589691	0.177134	0.0118205	0.542193	0.521762	0.875684	2.12632	0.622904	0.446617	1.49694	0.274562	0.2984	0.438319	0.554224	
-0.303848	0.064644	0.60924	0.719298	-1.37096	0.0778775	0.239933	-0.636788	0.332603	-0.0903435	-0.154531	-0.0965957	0.842917	1.32944	0.710286	-0.327139	-0.0316852	0.552812	-0.458617	-0.265311	
-2.54681	-2.39437	0.103469	-1.22548	0.506094	0.293191	-1.20401	-2.38983	-0.533804	-0.0787304	1.47871	-2.89966	0.373979	-0.226581	0.26838	0.514746	-0.160227	-0.549794	-1.67751	-2.37218	
0.574226	0.817364	0.605038	0.883298	-0.0386268	1.12955	0.607039	0.976254	-0.0548434	-0.735439	-0.362249	-1.05835	-0.0175702	0.65861	-0.13206	-0.126668	-0.241654	-0.539883	-0.349165	-0.533849	
0.514138	0.365931	0.62423	0.861629	0.144241	0.809404	0.905213	0.143203	0.283689	0.182706	0.611143	0.276996	0.626237	0.192899	-0.116416	0.251376	0.929619	0.384161	0.766989	0.571661	
0.283747	0.463041	0.360999	0.464531	-0.405946	-0.369306	-0.37196	-0.26479	0.712913	0.898887	0.784357	0.647037	0.436915	1.26236	1.41231	1.15999	0.255712	0.791431	0.231126	0.0350486	
-0.98759	0.301129	0.0689377	0.339846	-0.679624	-0.319776	1.38896	-1.84784	-0.946413	-0.513439	-0.52943	-0.33202	0.690735	-0.21222	0.623984	0.55235	0.214667	0.0221363	0.632708	-1.71563	
-1.44474	-1.60279	-1.00199	-1.13755	-0.0148192	0.629885	0.339899	-0.111679	0.954513	0.74886	0.558235	0.0924539	0.00256087	-0.00782852	0.307181	0.594678	0.295648	0.211853	0.835992	0.33851	
-2.11683	-1.32585	-0.917755	-2.16375	0.00183965	0.412647	-0.0419537	0.0914468	-0.0297283	-0.216964	0.439631	-0.620172	0.35692	-0.461689	0.389922	0.655452	-0.251394	-0.0526712	-0.020831	-0.364087	
-0.760642	-0.707986	-0.973314	-1.06919	-0.658506	0.113313	-1.00507	-1.00305	0.00680047	-0.889039	-0.153991	-1.49792	0.0459846	0.765156	0.550014	-1.06849	0.0237317	-0.0330834	0.158303	-0.759019	
1.27735	1.68251	1.52641	1.27831	1.7769	0.632739	0.891131	0.122276	1.59899	1.6819	1.9944	0.887333	-0.23934	0.164062	0.386807	-0.76858	0.862028	0.98134	0.784278	0.690455	
-3.25974	-4.26464	-3.14387	-3.92183	-3.02853	-2.3672	-2.81878	-2.49185	-4.32068	-3.7032	-3.43925	-3.75347	-4.79766	-4.85928	-4.17407	-5.66715	-2.48223	-2.34294	-2.91297	-4.6108	
-0.778714	0.00478527	-0.138188	0.234725	-0.0759705	0.568127	0.16586	-0.571301	0.198344	0.432238	0.717284	-0.251113	-0.468166	-0.120242	-0.234689	-1.79275	0.449147	0.402604	0.479848	0.0557731	
0.232499	0.306271	0.343426	-0.252739	0.373138	0.94386	0.645031	0.658491	-0.422912	0.506837	-0.0345386	-0.0515637	-0.172931	-0.65481	-0.233973	-0.874347	0.12658	0.130676	-0.176953	-0.15544	
1.82106	1.62271	1.56008	-0.0968423	-0.216533	0.885609	2.17835	-0.495397	2.77933	1.07524	1.113	1.16359	2.11167	0.795065	2.12582	0.993179	-0.781656	0.875376	1.08896	0.71252	
-3.40886	-2.03711	-1.46147	-1.92371	-1.18793	0.0762811	-1.75605	-2.68623	-0.603759	-0.458344	0.47394	-0.430145	-0.587072	-1.44815	-2.43041	-1.10473	-0.908424	1.09753	0.490075	-1.11638	
0.4906	1.00573	0.7944	-0.103305	1.64193	1.31412	1.12189	0.731953	1.28764	1.35302	0.790208	1.44175	0.936728	1.26959	0.299847	1.41854	0.520779	0.528048	1.82602	0.472062	
-1.93249	-1.55893	-1.51918	-1.77217	-0.954473	-0.611771	0.495241	-0.611434	-0.759568	-1.19399	-0.668572	-0.828981	-0.316127	-0.845826	0.885339	-0.286664	2.15264	1.20274	1.16983	0.689989	
2.74287	2.46173	3.33229	2.9425	3.03485	3.44425	2.37502	1.55343	1.4735	2.43236	2.37469	1.4115	0.879686	3.38444	2.46178	0.416939	0.217417	1.57024	2.13034	1.46747	
-0.86354	-1.2221	-0.705659	-1.69864	-2.52074	-1.00058	-1.50854	-2.5949	-1.07827	-0.972622	-0.90217	-1.67677	-0.838162	-2.23569	-0.470155	-1.22834	-1.04501	-1.43805	-0.977195	-0.630853	
-0.0996559	0.0508981	0.0469643	-1.04169	-0.939517	0.661457	-0.940892	-0.6479	-0.671562	1.51214	-0.966374	-0.686543	0.74711	2.41241	0.65377	1.0281	2.30779	2.43306	0.725128	-1.15139	
-0.289711	0.983968	-0.232149	0.634366	1.06686	1.42249	0.255025	-0.195529	0.89373	1.61656	1.1488	0.155735	0.553275	-0.116185	0.896222	-1.01567	0.817778	0.749534	0.65026	0.276925	
-0.40782	1.54559	2.21669	0.858046	0.782625	2.4319	4.36963	0.618126	1.09572	0.652479	1.05874	1.23275	0.679697	0.696964	0.513925	-0.0350443	1.91885	1.23094	0.709674	1.25323	
1.48866	1.51781	1.06314	1.38751	0.276216	0.960825	1.16394	-0.160167	0.529042	-0.55171	1.31365	0.335224	2.18954	2.70417	1.74227	0.84046	0.185218	-0.0853982	-0.140733	-1.37779	
-2.23884	0.694796	0.102155	0.284239	-0.272419	-0.6974	1.12432	-0.935964	1.11518	2.01886	1.57275	1.95228	2.76361	4.07598	1.27897	2.66369	1.25448	1.26453	1.7483	0.0506695	
0.690116	0.208808	0.846486	0.290417	-1.6708	0.117561	-1.17434	-1.17154	-0.6957	0.638811	0.98669	-0.798626	0.591155	0.908456	-0.0114645	0.0334775	0.246084	0.343287	0.322099	0.0531435	
-0.179582	-0.335417	0.482464	-0.485039	-0.0635594	-0.0701648	0.253331	0.0668465	0.597426	0.228982	0.509356	-0.0193491	-0.47181	-0.299669	-0.355323	-0.353637	0.621669	0.523812	0.0116498	-0.437803	
-0.762673	-0.287879	-0.477016	-1.03753	-2.6868	-2.17726	-2.48674	-1.88439	-2.7596	-1.29144	-0.771177	-1.18344	-1.56813	-0.8231	0.156983	-1.31347	0.214551	-0.309011	0.00893785	-1.41041	
0.220242	0.280427	0.660707	-0.0960403	1.46696	1.95234	1.81931	-0.379292	1.33931	1.70062	1.05678	1.69857	0.436013	0.669089	0.730327	0.478087	2.38909	1.55724	1.50482	0.948256	
-0.540973	-0.442667	-0.105332	-0.471488	-0.990226	-0.680992	-0.0448619	-1.0786	0.886384	0.70621	0.0759342	-0.357651	0.877929	0.431298	0.577802	0.410303	1.16905	1.22742	1.52395	1.26108	
-0.612522	-1.06568	-0.619163	-1.60537	-0.0237838	1.4877	0.184655	0.259978	-0.373198	-0.713653	-1.00374	-0.755825	-0.750331	-0.379045	-0.376508	-0.413857	-0.41806	-0.549836	-1.90219	-1.455	
1.27782	3.68104	2.36281	0.906988	0.981263	0.630367	0.178106	2.66259	1.20879	2.15278	-2.43983	3.13442	1.90281	0.829591	0.298817	1.3319	1.72543	2.84585	2.69305	0.318413	
