ons.statement_evaluation.prosody.CN_SNneg	ons.statement_evaluation.prosody.CN_SPneg	ons.statement_evaluation.prosody.CP_SNpos	ons.statement_evaluation.prosody.CP_SPpos	ons.statement_evaluation.semantic.CN_SNneg	ons.statement_evaluation.semantic.CN_SPneg	ons.statement_evaluation.semantic.CP_SNpos	ons.statement_evaluation.semantic.CP_SPpos	ons.statement_evaluation.irony.CN_SNneg	ons.statement_evaluation.irony.CN_SPneg	ons.statement_evaluation.irony.CP_SNpos	ons.statement_evaluation.irony.CP_SPpos	ons.statement_evaluation.sarcasm.CN_SNneg	ons.statement_evaluation.sarcasm.CN_SPneg	ons.statement_evaluation.sarcasm.CP_SNpos	ons.statement_evaluation.sarcasm.CP_SPpos	ons.statement_evaluation.tom.CN_SNneg	ons.statement_evaluation.tom.CN_SPneg	ons.statement_evaluation.tom.CP_SNpos	ons.statement_evaluation.tom.CP_SPpos	
2.017	2.14767	1.77954	1.29759	1.02546	1.26713	0.306029	0.84759	3.27349	2.94542	3.31069	2.81688	1.96396	3.66673	2.03573	1.98397	1.47855	0.463822	1.36127	1.61121	
-0.157141	-0.920042	0.114134	-0.17507	0.128433	-0.165879	0.0207674	1.07185	-0.199903	-0.28897	0.343429	1.35629	-0.842774	0.498307	1.72957	-0.850917	-2.6324	-0.281712	0.531982	0.010923	
0.763625	0.558998	0.646886	-0.410482	0.0644428	0.144626	0.166623	-0.0397605	0.719129	0.353961	0.520387	0.623181	-0.174463	0.387786	-0.0972419	0.35922	0.582273	0.968443	0.162477	0.398489	
0.952206	0.516349	0.844788	1.19527	1.0038	0.929379	0.695981	0.986413	0.569754	1.68136	0.678145	0.560331	0.415684	0.947582	0.711197	0.423043	-0.27709	0.355657	0.226382	0.267538	
1.95224	2.12156	2.69051	2.51575	0.967861	2.30402	1.8216	1.21023	1.30412	2.4715	0.958403	1.54983	1.98532	2.44371	1.91617	0.958854	1.29052	2.52794	1.42507	1.76614	
-1.18774	-0.649253	-0.692264	-0.611341	0.554546	1.13375	0.770817	0.401106	0.615309	0.984745	1.31208	0.599466	-0.184626	1.06086	0.0976404	0.141236	-0.097813	-0.450002	-0.147202	-0.138508	
2.31619	1.49153	2.41173	1.62399	2.48263	2.12265	2.78388	2.31048	1.80043	2.63497	2.54406	2.4118	2.06093	2.24055	1.50544	0.832757	1.19331	1.61704	1.96888	2.21181	
0.724292	0.610644	0.290975	0.274679	0.499194	0.837665	0.78768	0.744834	0.54118	1.15535	1.28107	0.877416	0.165511	1.51677	0.13641	0.651147	0.477242	0.563122	0.637981	0.122036	
-2.05933	-2.41602	-1.34811	-1.13637	-0.18352	-1.75394	-1.99756	-0.942202	-1.68211	-2.34018	-1.1464	-1.47091	0.633399	0.784701	-0.173064	-1.51873	-0.979396	-0.854868	-2.07507	-3.43576	
-0.102053	-0.313864	0.0271942	-0.410871	0.461388	-0.068393	0.158589	-0.213695	-0.201718	0.204351	0.0574291	-0.318695	0.42985	0.308782	0.146348	0.0684501	-0.789309	-0.417027	-0.366838	-0.675594	
1.79912	1.36187	1.17295	1.52138	-1.60275	-0.682649	-0.279318	-1.30439	1.16029	0.903828	0.98807	0.94827	-1.0622	0.281731	0.335537	-0.15665	0.393462	0.897803	-0.455154	-0.425152	
0.856239	1.96069	1.15791	0.0120466	-1.24804	-0.999296	-1.18059	-1.72492	-3.06365	-2.67406	-2.1893	-3.38601	0.160732	-0.0953045	0.337536	-0.601676	-0.306557	-0.103192	0.828449	-1.45553	
0.236871	2.90798	1.42745	0.192208	3.08133	1.03596	0.524875	-0.0743271	-1.41577	0.202583	-0.437064	-1.15329	1.50195	3.53462	2.13151	3.29086	2.90437	0.592512	7.12948	-1.52956	
-0.136052	-0.418422	0.81328	0.403909	-0.0049029	-0.35896	0.163675	-0.271656	-1.23287	0.738724	0.0619898	0.396034	0.921444	1.95098	0.830867	-0.35991	-0.411507	0.283441	0.329753	-0.291183	
-1.91968	-3.35592	-2.32331	-1.09196	-1.52937	-2.26704	-2.68054	-2.2061	-1.36124	-2.14713	-1.03884	-1.98787	-1.60578	-1.39055	-1.24522	-1.15918	-1.49292	-1.14139	-0.945023	-0.727077	
3.45155	6.18229	4.64151	3.93125	3.01409	3.33512	3.14251	3.37692	3.78979	5.36424	5.30316	2.13316	2.48136	5.79513	2.32872	3.56821	0.364401	2.77642	3.89655	-0.1193	
-1.30187	1.19408	1.21557	0.645664	-0.100191	2.93468	0.875926	0.17039	0.471106	0.341109	1.19326	-0.28398	1.12067	1.22978	0.824475	-0.473259	1.77306	1.03159	2.41679	0.92632	
1.39586	1.02088	0.789037	1.31948	2.92851	2.63049	2.77711	2.24617	0.296631	1.15103	1.55214	0.496449	1.12963	1.53935	2.28517	1.19029	1.80271	2.1952	2.2037	1.13996	
2.07143	3.63623	2.24365	2.73408	2.4108	1.12187	1.92057	3.85973	1.39036	1.46644	1.53414	2.52888	1.91162	0.326548	1.60979	3.19886	0.256144	-1.11383	0.202649	-0.104991	
-0.242874	-0.0201732	-0.346018	-1.22326	-0.340489	2.14577	1.6704	1.32666	0.710418	-0.723043	-0.199012	0.43079	0.14564	-0.54624	0.688899	0.535444	1.8955	1.0993	2.01197	0.300555	
0.07362	2.47011	3.81905	3.08684	1.81855	1.80871	0.75251	1.66448	3.49295	3.77206	4.3369	2.81331	2.2697	2.05799	2.52195	2.54724	2.65323	3.50662	2.88678	2.98649	
2.2292	4.27903	3.28663	3.97092	4.37449	4.32273	4.34181	3.65106	3.28257	1.74809	2.83051	2.8107	1.36176	2.61104	1.34529	1.29905	1.16038	1.44786	2.14308	1.08712	
2.28663	2.72621	2.11673	2.20862	1.34924	1.71847	1.69266	1.22031	0.593891	0.936153	1.78739	0.927088	1.47028	1.5775	1.31726	1.67206	1.64533	1.14926	2.12562	1.36764	
0.470633	0.876174	1.24672	0.88369	-0.532358	-0.679727	-0.256747	-0.393615	-0.828242	-0.805156	-0.544742	-0.644346	0.518716	0.942328	0.227716	0.732554	-0.287942	0.264918	0.11339	-0.269704	
0.36219	1.37311	1.12486	1.12195	-0.0491902	0.781334	-0.152788	-0.752962	-0.247192	0.5092	-0.196246	0.321971	1.68132	1.92667	2.30652	2.54623	0.0887914	1.34195	0.228723	-0.342674	
-0.0256627	0.343278	1.47273	0.5812	2.51584	2.2376	1.83906	2.32422	2.49028	2.7671	2.62865	1.57939	-0.149096	2.13331	1.18302	1.94078	-0.262944	0.119574	0.359821	1.09624	
1.67104	1.41244	0.694068	0.688426	-0.423534	-0.575761	-0.428026	-0.104135	1.58396	1.50791	1.74384	1.18373	-0.267365	-0.31679	0.37138	0.162073	0.367036	1.05261	1.22355	0.689876	
-0.990169	0.289485	-0.456014	-0.823705	1.06124	2.54747	1.66283	1.05684	1.85471	0.219998	0.889562	-0.270231	0.268333	1.22373	2.29002	0.208566	-0.895336	-0.116081	-0.845781	-2.11369	
1.07609	1.61917	1.42362	0.621664	1.67045	1.05452	-0.77536	1.38733	2.48997	1.72315	2.48889	2.07809	3.63805	3.50347	3.36656	3.26837	3.73337	3.23493	3.47473	3.32643	
1.63079	2.34761	1.57289	0.376853	0.303763	1.2807	1.94028	0.0824642	1.70994	1.71403	1.8869	2.46537	0.867547	2.04642	1.69394	-0.903296	0.960632	2.20205	1.93116	0.0747663	
-2.35003	1.41981	0.0750872	-0.0676047	1.56078	1.70052	1.32607	-0.320873	1.16214	1.96624	2.1445	0.479627	2.34112	2.38558	2.23987	2.51934	-2.02558	-0.405951	0.181898	-1.73805	
0.485672	1.64788	1.03158	-0.355069	2.83425	2.72126	1.57143	0.899884	0.122987	0.722296	-0.0757683	-0.43962	0.213657	0.761241	1.02378	0.172168	-0.803792	-0.394431	-0.325936	-0.240297	
2.22301	1.83236	-0.00889242	0.443718	0.574517	1.50288	1.31954	0.215967	0.0173858	2.30505	0.954524	0.374781	0.9818	0.549178	0.820937	0.156286	-0.157825	1.70856	1.40932	-0.731598	
0.471577	3.14292	3.93361	1.90813	3.02768	3.39222	2.63677	1.21228	1.31049	3.15596	2.51695	1.2167	1.95221	3.55199	1.90462	0.280717	0.947608	3.39234	1.98943	0.755173	
0.976601	1.87841	1.51346	1.03414	1.85149	1.44771	0.776845	-0.589596	-0.0276201	2.00631	0.353695	1.02504	0.369298	1.95123	0.900357	-0.228191	-0.127287	1.3849	1.78389	-0.474291	
-2.80824	-1.56696	-0.743233	-3.13169	2.14881	1.80209	1.13736	0.114092	0.420368	1.34088	0.830378	0.0515716	2.36787	-0.317672	2.77443	-0.354828	0.129583	-1.29438	0.988156	-1.6985	
0.507643	1.75038	1.42975	0.597679	0.848133	0.944202	2.04965	0.637246	-0.35724	1.43446	2.03835	0.5821	0.664162	1.93164	0.619358	-1.42715	0.604574	1.57055	2.01023	0.681536	
2.56169	2.61912	2.35357	2.67508	2.28659	2.27106	1.25871	1.59658	1.84779	1.85093	2.03855	1.16548	1.24512	2.11698	2.56941	1.25284	2.26973	2.36673	1.96161	1.38387	
1.15986	0.666768	2.51606	1.52752	-2.23185	-0.0387032	-0.199544	-3.09382	3.23473	5.34482	3.61026	2.23227	1.68656	1.66135	1.5351	1.53207	2.3798	2.74911	1.3704	-0.684519	
0.746599	1.5661	0.344833	1.24449	1.13167	0.161069	-0.0855928	-1.07898	1.77397	2.34385	2.27509	1.24545	0.226248	0.21073	1.27083	0.67809	0.326561	0.0691995	0.627674	-0.563281	
-0.597243	1.60338	1.35412	-0.325043	1.44392	2.4292	4.39279	0.99656	0.750086	2.36763	2.16742	0.83388	0.701769	1.23308	1.19457	0.0790845	1.68372	2.02456	1.92115	1.43066	
-0.371156	1.06055	-1.36574	1.29548	-1.48018	-0.974456	0.462723	-1.06386	-0.767116	-2.16477	-2.03586	-1.26223	0.592825	1.03422	0.158221	-0.684294	-0.91274	-0.422575	-0.75117	-1.06394	
1.37986	1.77748	2.00377	1.24016	0.379206	1.09834	-0.155221	0.226968	1.16871	2.3322	2.24558	1.45063	2.66719	4.2903	1.72649	2.24188	1.29373	1.91916	2.20026	0.338448	
0.773685	1.11427	1.09842	0.957855	0.988033	2.40445	2.29061	0.849551	1.07604	0.9571	1.99692	0.166087	1.04252	1.47692	0.990415	0.638966	0.190204	0.27811	0.0939814	-0.0254795	
0.528197	1.21446	1.36842	-0.640637	0.528544	0.810959	0.59007	0.182298	0.930179	0.973909	1.00052	0.428634	0.368369	0.769375	-0.212258	0.768899	0.823641	1.55822	0.736562	0.718959	
-0.454972	-0.481534	-0.434327	-1.12123	0.321427	-0.28337	-0.146397	0.32469	-2.02824	-0.0413548	0.242256	0.0433324	-0.848806	2.03329	1.38404	-0.349317	0.0181531	0.0759142	0.073746	-1.13884	
-0.34898	0.028648	0.330667	-0.696622	0.374705	0.526787	0.189501	-2.21208	0.70831	-0.00320527	0.750929	0.90229	-0.0711976	0.818416	0.60747	0.0932332	3.27571	3.26152	1.95626	1.20358	
-0.480735	-0.810527	-1.70649	-3.21882	-1.48214	-0.859557	0.048448	-0.279053	-0.309611	-0.410869	-0.946654	-0.940854	-0.162391	-0.0907989	0.37806	-2.13092	-0.0418967	0.91503	0.32807	-0.331408	
1.6232	2.32033	2.20879	2.06664	3.37888	1.77722	3.16167	1.81168	2.60291	1.72977	2.06173	3.48521	1.97931	2.91704	1.18736	1.12712	2.44385	2.04277	1.12552	0.476978	
-2.69167	-1.66721	-1.89506	-0.139966	0.829154	1.7989	1.2708	2.87396	-1.29743	0.454579	1.66239	-0.663143	0.506235	-0.229375	0.864139	-2.55361	-2.39742	0.676758	-2.08594	-3.87082	
