ons.statement_evaluation.prosody.CN_SNneg	ons.statement_evaluation.prosody.CN_SPneg	ons.statement_evaluation.prosody.CP_SNpos	ons.statement_evaluation.prosody.CP_SPpos	ons.statement_evaluation.semantic.CN_SNneg	ons.statement_evaluation.semantic.CN_SPneg	ons.statement_evaluation.semantic.CP_SNpos	ons.statement_evaluation.semantic.CP_SPpos	ons.statement_evaluation.irony.CN_SNneg	ons.statement_evaluation.irony.CN_SPneg	ons.statement_evaluation.irony.CP_SNpos	ons.statement_evaluation.irony.CP_SPpos	ons.statement_evaluation.sarcasm.CN_SNneg	ons.statement_evaluation.sarcasm.CN_SPneg	ons.statement_evaluation.sarcasm.CP_SNpos	ons.statement_evaluation.sarcasm.CP_SPpos	ons.statement_evaluation.tom.CN_SNneg	ons.statement_evaluation.tom.CN_SPneg	ons.statement_evaluation.tom.CP_SNpos	ons.statement_evaluation.tom.CP_SPpos	
0.0352288	0.0700812	-0.462188	-0.385797	0.809939	0.276602	0.338161	0.137215	0.746694	0.915879	0.209158	0.701147	0.709464	0.523395	0.858936	0.146009	0.363273	-0.187081	0.45683	-0.0755753	
1.45348	1.61163	-1.14693	0.389634	0.058387	0.016923	-0.649806	0.691371	-0.617325	-0.281759	0.707709	0.905691	-1.55374	-2.63946	-1.73183	-2.16542	-2.148	-0.86076	-1.06026	-0.695445	
-0.202765	-0.796063	-0.121131	-0.596846	-0.618109	-0.0132091	-0.251933	-0.912875	-0.415426	-0.628603	-0.819202	-0.392807	-0.80369	-0.432565	-0.786348	-0.540034	0.136637	0.608165	-0.0749908	-0.113551	
2.14175	1.38159	1.8559	2.63378	0.333071	0.315146	0.248242	0.230586	1.68586	2.54038	1.51948	1.60461	0.373508	0.450269	0.514837	0.504219	-0.5453	0.0177861	0.33413	-0.137745	
-1.27575	-0.723148	-1.17035	-1.56459	-0.882105	-0.999283	-0.673653	-1.03619	-0.858833	-1.3069	-0.859735	-1.67208	-1.49487	-0.681941	-0.708997	-1.30506	-1.05966	-0.200023	-0.824326	-0.364181	
-0.936747	-0.417215	-0.786037	-0.544564	0.34888	0.464482	0.387619	-0.101322	0.00974408	-0.0136259	0.28287	0.25062	0.146912	0.157095	-0.316265	-0.278242	0.782171	0.718452	0.804088	0.352011	
0.641822	0.613529	0.088341	-0.458587	0.639377	0.939544	0.519218	-0.0268631	0.781868	0.476557	0.688346	0.36621	0.645355	0.341063	0.831213	-0.00637997	0.297275	0.577291	0.560597	0.344223	
0.0890043	-0.217238	0.434446	0.000228534	0.0114119	0.120269	-0.322133	-0.370078	-0.154875	-0.109392	0.0980941	0.460467	-0.314611	0.402373	0.402602	0.663992	0.437247	0.282551	0.157551	-0.0610279	
-2.38524	-2.05758	-1.3683	-1.18244	1.29923	-1.31546	-1.70028	-0.893367	-0.26532	-0.204472	-0.194653	0.330059	-0.729024	-0.461926	-0.500199	-1.01217	-0.0356036	0.210839	-0.346007	-1.08248	
0.498695	0.0815926	0.766158	-0.0289884	-0.311098	-0.120485	0.106815	0.0430577	0.318233	0.362633	0.495092	-0.140885	0.065262	-0.482818	-0.658781	-0.529688	0.75225	0.401236	0.36501	0.0877017	
0.940032	1.41767	1.20251	1.61353	-0.655199	-0.034591	0.251284	-0.901106	0.681628	-0.310275	0.433283	0.469097	-0.0902748	0.133452	0.888523	0.915446	2.69074	2.66162	0.990155	0.945322	
0.675249	-0.903025	-0.7065	-1.62867	-3.05764	-2.8328	-3.69061	-4.43647	-4.58126	-3.84839	-4.62033	-4.88165	-1.39086	-1.022	-1.54717	-1.41659	-2.03854	-2.78598	-2.26272	-2.3796	
-0.598651	2.60135	0.482859	-2.2384	3.29609	2.43762	0.047611	-0.156055	-2.30059	0.823402	0.824789	-1.785	-1.58331	-0.990976	-1.09427	-4.77234	0.92214	1.37666	2.75557	-0.793357	
1.56915	0.409106	2.33157	1.52037	0.391165	0.386451	-0.0893807	0.0120858	-3.11728	1.13372	-0.342602	-0.363747	1.00541	0.850035	1.30455	0.612537	1.04962	1.12727	1.16093	0.834874	
-2.04419	-3.32505	-1.299	-1.0009	-0.696655	-0.0529415	-0.192734	-0.465203	-0.366063	-0.4268	-0.692438	-0.729389	-0.415379	-0.272453	-0.117397	-0.508135	-1.00201	-0.385477	-0.319827	-0.778309	
-0.789466	-0.377652	-0.467996	-0.511506	0.0854027	0.50165	0.270267	-0.0173323	0.27216	0.388638	0.611498	0.316361	-0.272191	-0.410243	-0.483178	-0.428412	-1.00518	-0.308688	-0.0564886	-0.814234	
-1.42423	-1.88141	0.654301	-1.48797	-0.625707	0.185028	0.460595	0.249407	-1.45807	-1.04434	-0.618714	-2.11162	0.867749	-0.573604	0.0813336	-0.672987	0.550724	-0.875498	0.789451	-0.950604	
0.0180788	0.292406	-0.205995	-0.225632	1.66847	0.988536	2.09201	1.34131	0.586166	-0.179967	1.04423	0.863351	0.12816	1.38439	1.63505	1.14124	-0.336588	0.352724	1.51733	0.486323	
0.061191	0.00210504	0.167705	-0.041574	0.0217896	0.968671	-0.515836	-0.208991	0.0208578	0.599995	-0.0334568	0.723647	-0.884481	-0.407706	0.0924547	0.265854	0.388209	-0.710713	-1.39156	-0.951355	
1.13696	0.248572	1.2116	0.0520311	0.457044	0.183878	0.839809	-0.694897	0.430728	-0.381041	-0.522838	-0.515379	1.04365	-0.495128	-0.00180457	-0.691418	-0.377943	-0.575093	-0.45761	-0.454638	
0.762353	1.47944	3.09767	2.36613	-1.20729	0.00550639	-1.25156	-0.605133	0.778135	0.89995	1.2327	-0.639352	0.936475	0.598249	0.718698	0.626889	0.952972	1.1526	0.703177	0.120606	
-2.92228	-3.6406	-3.07808	-2.99586	-1.80335	-1.69411	-0.740281	-1.41632	-2.72767	-2.93782	-1.52125	-2.52714	-1.8106	-1.61446	-1.05719	-1.08894	-2.52041	-1.64385	-1.38292	-1.56656	
0.093669	0.778085	-0.0257005	0.20096	-0.140732	-0.346598	-0.581269	-1.07814	-0.757747	0.0402733	0.948432	-0.183277	0.664116	0.135264	0.410154	0.685885	0.708724	0.470644	1.17151	0.919041	
0.910343	0.856498	1.11728	1.83394	0.104881	-0.0589409	-0.509494	-0.420548	-0.0733235	-0.251386	-0.825115	0.147795	1.08723	0.938598	0.595679	1.78869	0.716619	1.16467	0.260206	1.16383	
1.14848	2.01312	1.61228	1.93293	0.308394	1.08735	-0.435246	-1.30756	0.0208141	0.774463	-0.557598	0.743115	0.398972	1.37438	2.72082	1.88899	-0.0975241	0.773209	-0.476163	-0.528174	
-1.96368	-1.81316	-1.26865	-1.47779	-0.421167	0.0455	-0.259207	-0.12271	1.23709	0.735203	0.398926	0.451886	-0.930071	-0.454217	0.324622	0.0712786	-1.15662	-0.894692	-0.518195	-0.744837	
-0.0225752	0.267108	-0.40696	-0.96277	-0.076472	0.166763	-0.163861	-0.596408	0.347826	0.50283	0.737073	0.233173	0.0837584	0.208388	0.4274	0.593157	0.409662	0.484942	0.688896	0.179105	
-1.42012	-1.31106	-1.0341	-1.50361	-1.52097	-1.44785	-2.30959	-1.12743	-3.16053	-3.96383	-1.40014	-3.29754	-2.29111	-1.03909	-0.69702	-1.94182	-2.3361	-2.21633	-0.907296	-2.06504	
-0.68248	-0.857103	-0.861878	0.209008	-0.829605	-2.23805	-2.06201	-2.37983	0.72053	-0.650167	0.979792	0.255771	0.407172	-0.612847	-1.28604	-1.3294	0.262203	0.556658	0.581623	-0.645567	
-1.44942	-2.05413	-2.06082	-2.74264	-1.11127	-0.523715	-0.807711	-0.917797	0.0298693	-0.134329	-0.275535	0.537468	-0.463074	0.0582813	-0.0108446	-0.28145	-0.651406	0.302102	-0.657565	-1.51085	
-0.286936	0.975529	0.897389	1.04711	0.825174	1.77091	0.954877	-0.4867	-0.126328	1.33207	1.04402	-0.35664	1.05526	1.90382	1.19736	0.518947	0.573781	1.67631	1.8671	0.508799	
-0.4468	-0.431612	-0.516878	-1.30768	0.698676	1.1465	0.28209	0.500772	-0.391594	0.560072	0.423345	1.07513	-0.406709	-0.194567	-0.30289	-0.546726	-0.476835	-0.174748	-0.209775	0.00708914	
1.43315	1.37699	0.619221	-0.161267	-0.266892	1.27879	-0.501117	0.109123	-0.523098	2.05564	0.109257	0.47807	0.94564	0.933796	1.15894	0.633275	-0.0593503	1.13765	1.07325	0.449099	
0.223148	0.998063	1.70836	0.394622	0.565873	0.352955	0.701756	-0.205388	0.447614	-0.136061	0.67821	0.127547	0.765841	0.857491	0.901027	0.394469	0.524606	0.730743	1.06947	0.168695	
1.34121	2.03674	1.35792	1.02273	0.229859	0.710257	0.0823098	-1.07222	1.0922	1.48155	0.28476	0.0743293	-0.0917934	1.58956	-0.0949097	-0.126367	-0.00579454	0.697195	0.662761	-0.693073	
2.88045	2.97759	3.42642	2.49295	2.18773	2.28943	2.80122	2.03037	1.94443	1.46096	1.89665	2.27853	1.93387	1.64621	2.07433	2.21138	1.94481	1.29915	1.86944	2.60795	
-0.0732968	0.299654	-0.598248	-0.0909221	-1.2673	-0.647522	-0.464689	-0.992018	-0.476384	-0.767911	0.1616	-0.291517	0.637198	0.157191	0.433774	-0.342122	1.06427	1.26782	0.979458	1.47299	
0.551282	0.922785	0.724252	0.835762	-0.522696	0.629094	0.528672	-0.127017	0.829562	0.111716	0.98635	-0.468742	-0.170935	0.0393485	0.0748681	-0.546299	0.467153	1.04284	0.738451	1.29799	
-1.33298	-3.04695	2.02378	-0.24314	1.37624	-1.39413	0.926182	0.654766	3.62095	3.12892	0.947939	-0.342821	1.91065	-0.296153	0.584379	-0.325678	2.69527	2.9662	2.42894	-0.65764	
0.888535	0.2534	0.014455	-0.264102	-0.318732	0.386589	-0.391224	-0.571221	0.146516	0.191909	0.117283	0.29799	0.707042	-0.0694725	0.528048	-0.611463	-0.562546	-0.10381	-0.428564	-0.887633	
-0.445463	0.423606	-0.0864271	0.0405327	-0.221199	0.451364	1.20875	-0.525521	0.45561	0.814823	0.697862	0.456586	0.781589	0.907775	1.16285	0.205662	0.248295	0.165682	0.31308	-0.335388	
-0.337691	0.856668	-0.840131	-0.00706866	-0.196766	0.434973	0.431044	-0.165073	-0.189503	-1.48476	-1.2576	-0.0351912	-0.0904151	0.427742	-0.710562	-0.444552	-0.848833	-0.621007	-0.779497	0.774758	
-0.341251	-0.4289	0.562942	0.266391	-1.5017	-1.40187	-1.67682	-1.07578	-0.0588335	0.0356852	0.729188	-0.0763788	1.48554	2.80517	0.230914	0.778215	0.56	0.242738	0.275377	-0.267411	
0.796661	1.19684	1.14053	1.32284	0.731707	1.16094	0.899997	0.936972	0.456214	1.64066	1.77543	0.393111	1.10635	1.40167	1.03234	0.997511	1.07117	1.28595	0.743096	1.29514	
0.0310545	0.173427	0.254453	-0.46803	-0.23746	0.186668	0.0759054	0.0537277	0.960176	0.00888038	0.316532	-0.0897931	-1.12519	-0.572535	-0.826393	-0.155168	-0.606971	-0.126928	-0.603375	-1.08055	
-0.875239	-0.437925	-0.059191	-1.28714	-2.46689	-1.53385	-1.44063	-1.49645	-1.68396	-0.0710978	-0.0424299	-1.1659	-2.56407	-0.1844	0.13339	-1.54816	0.0762373	0.624507	0.937822	-1.56259	
-0.0540196	0.0484468	0.387613	-1.3801	-0.264328	0.59252	0.268046	-1.70354	0.901779	-0.0139228	-0.324143	1.37817	0.128826	0.0951232	0.352311	0.665397	0.683962	0.87867	-0.0584274	0.662814	
0.49375	0.0325352	-0.208028	-1.94068	0.476413	1.68506	2.49948	0.470973	4.07093	3.16678	2.23471	1.69602	2.06552	2.9764	2.11281	2.06511	2.66299	3.58142	2.73066	1.62958	
0.725728	1.6505	0.766868	0.53886	0.845938	0.542121	1.4905	-0.425638	2.25354	2.36976	1.11408	1.11612	0.0880269	0.188725	-0.49518	-0.281994	0.127305	1.0342	0.410667	-0.530924	
-0.250501	-0.67939	-0.974675	-1.21796	0.666244	0.792427	0.829415	0.753781	-1.67169	-0.968553	-0.619576	-1.89248	-1.46806	-2.05871	0.544959	-0.575904	0.302261	1.3922	0.502512	-0.329181	
