ons.statement_evaluation.prosody.CN_SNneg	ons.statement_evaluation.prosody.CN_SPneg	ons.statement_evaluation.prosody.CP_SNpos	ons.statement_evaluation.prosody.CP_SPpos	ons.statement_evaluation.semantic.CN_SNneg	ons.statement_evaluation.semantic.CN_SPneg	ons.statement_evaluation.semantic.CP_SNpos	ons.statement_evaluation.semantic.CP_SPpos	ons.statement_evaluation.irony.CN_SNneg	ons.statement_evaluation.irony.CN_SPneg	ons.statement_evaluation.irony.CP_SNpos	ons.statement_evaluation.irony.CP_SPpos	ons.statement_evaluation.sarcasm.CN_SNneg	ons.statement_evaluation.sarcasm.CN_SPneg	ons.statement_evaluation.sarcasm.CP_SNpos	ons.statement_evaluation.sarcasm.CP_SPpos	ons.statement_evaluation.tom.CN_SNneg	ons.statement_evaluation.tom.CN_SPneg	ons.statement_evaluation.tom.CP_SNpos	ons.statement_evaluation.tom.CP_SPpos	
0.216099	2.02436	1.39505	0.465252	-0.253759	1.25348	0.980516	0.275187	0.405184	0.623895	0.838419	0.497837	1.004	3.04817	1.4894	1.2577	1.29258	1.17829	0.521725	0.294848	
0.54119	0.166653	-0.486099	-1.76876	0.702756	1.39078	0.946608	0.920544	-0.0024094	0.019407	0.0471856	-0.201822	0.326789	1.04938	0.57782	-0.307929	-0.961232	-0.502084	-0.116816	-0.733248	
0.362456	0.126478	0.198887	-0.0400828	0.984299	0.864956	0.634494	1.14083	-0.189031	-0.432824	-0.345574	0.143185	-0.448424	-0.0519186	-0.288511	0.0322421	0.559634	0.257939	0.306301	0.869042	
1.54445	0.708051	1.42789	2.06149	0.6263	0.27244	0.229937	0.573101	1.24888	2.08806	1.26205	1.02541	0.00944674	0.127231	0.0793611	-0.149644	-0.638748	-0.507757	-0.547908	-0.300224	
-1.85191	-1.34982	-0.7905	-1.57299	-2.44336	-1.14905	-0.522487	-0.931145	-1.76496	-1.60034	-2.23534	-2.57703	-1.67998	-0.803906	-0.754908	-1.79354	-1.82284	-0.95685	-1.14046	-1.39068	
-1.71191	-0.762752	-1.06404	-0.792908	0.253945	0.182328	-0.602282	-0.216776	-0.133669	-0.402594	-0.496838	-0.321258	-1.0092	-0.0729465	-0.581819	-0.76013	-0.0802197	-0.0304996	0.446559	-0.225019	
-0.571174	-0.565464	-1.34964	-0.951433	-0.477593	-0.327939	-0.679715	-0.749639	-0.376571	-0.198506	-0.450969	-0.194648	0.162892	0.0271194	-0.192443	-1.19676	0.176416	0.400708	0.520751	0.358862	
0.140533	-0.399085	0.144293	-0.81695	-0.00398949	0.839727	0.746876	0.78739	0.631064	1.24432	0.769513	1.00204	0.89977	0.673729	1.33104	1.06033	1.31783	1.67986	0.464169	1.05341	
-1.10823	-0.880365	-0.815976	-0.302888	1.3662	0.177005	-0.56269	-0.409659	-1.26556	-2.28809	-1.0657	-0.835817	0.663091	0.148359	-0.626364	-0.501412	0.0936208	-0.241263	-0.420665	-0.204719	
-0.701481	-0.465272	-0.608337	-0.839535	-0.600252	-0.871469	-0.892419	-1.78883	-0.990192	-0.534412	-1.24573	-0.351019	-0.167598	-0.572132	-0.422853	-0.507987	-0.941412	-0.771611	-0.581676	-0.611897	
-1.14005	-1.54673	-1.34251	-1.05185	-0.44009	-0.138302	0.252639	-0.346398	0.577609	0.509074	1.07928	1.12434	0.712989	0.760244	0.952516	1.04701	2.08173	2.72963	0.918978	1.79397	
-1.29952	-2.40359	-1.74509	-4.44745	-1.15669	-2.64643	-3.07466	-4.54771	-2.96817	-2.86865	-1.7255	-3.26728	-1.5651	-0.540771	-1.7125	-2.191	-1.75573	-1.42389	-2.22963	-2.31356	
-1.32696	-1.73512	0.470845	-2.30761	-0.843732	-0.941606	-1.93323	-0.826215	0.193689	-3.35117	-1.13332	-1.007	-0.144335	-0.478153	0.371155	-0.020848	-0.480783	-0.136895	-0.653907	-1.09096	
0.460399	-0.00458333	0.589263	-0.0129998	-0.149313	0.00200711	-0.434023	0.147628	-0.757039	0.363177	-0.0642423	-0.35848	-0.0441389	0.271828	0.527511	-0.137734	-0.0806706	-0.062625	0.0351685	0.0239049	
-0.38697	-1.44579	-0.841476	-0.257931	-1.91139	-1.35362	-1.75902	-2.22806	-1.00678	-0.484247	-0.201883	-1.17668	-0.3997	-0.223953	-0.271558	-0.369675	-0.033021	0.0816046	-0.0997661	0.174926	
-0.287682	0.0161746	0.512077	-1.39181	-0.41029	0.252334	-0.603055	-1.2328	-0.368088	-0.257983	-0.86472	-0.752718	-0.468053	-0.195287	-0.585428	-0.414829	-0.437677	-0.281402	-0.0533374	-0.338966	
2.6436	3.19055	1.74574	2.55482	0.640892	2.1414	2.22751	2.37272	1.57645	1.42116	1.84446	1.8872	2.00437	3.85152	2.2779	1.96632	1.7399	1.19972	1.70517	1.61964	
-0.42804	-0.825816	-0.12238	-1.01746	0.437159	0.261945	-0.111328	-0.0640245	0.0204796	0.0633278	-0.162827	-0.481041	0.942176	0.46626	0.303631	0.599362	0.196647	0.99966	-0.0459333	0.347066	
1.01868	1.53285	-0.519508	0.219512	-0.933267	-0.182765	-1.76673	-0.643665	-0.472486	0.462751	0.528511	0.797801	0.521129	-0.946621	-0.316584	0.357275	0.204428	0.447629	0.896635	0.89958	
1.1803	0.64206	1.30229	0.838904	-0.0738369	0.415858	0.308788	-0.423794	0.77729	0.629917	-0.0152406	-0.382268	1.77182	0.457603	0.728325	-0.163039	0.0159059	0.730495	-0.168051	-0.548721	
-1.26194	-1.51708	-0.821652	-0.39151	0.156122	-0.144157	1.20377	0.0100266	0.283483	0.443714	0.924976	0.024486	1.11963	0.559679	0.660275	0.998921	-0.116461	0.458041	0.263625	-0.152824	
-2.68546	-3.28503	-3.33376	-2.62592	-2.70775	-2.06877	-2.62036	-1.56614	-1.19563	-0.997562	-1.20543	-1.46566	-2.15051	-2.20214	-2.24062	-2.83051	-3.02272	-2.41845	-2.51685	-2.63153	
-0.738422	-1.37679	-1.03625	-0.860304	-1.25995	-1.18857	-0.674725	-1.40757	-0.933683	-0.44118	-0.577313	-0.552499	-0.0238006	-0.314462	-0.696272	-1.05158	-0.885796	-1.00275	-1.06837	-0.796767	
-0.427388	0.225568	0.137295	-0.598068	-1.78153	-1.0386	-0.177468	-0.754319	-1.15741	-0.0810528	-0.154795	-0.45442	-0.892889	-0.853729	-0.779936	0.0102005	-0.983962	-1.7355	-1.23058	-1.76782	
-1.94857	-1.36267	-0.0410964	-0.92051	-0.690096	0.348886	-0.501476	-0.99468	0.113192	-0.0987696	-0.740382	0.235422	1.28812	2.09954	1.6728	0.963829	0.611438	0.301177	-1.12255	0.330534	
-0.610792	-0.765638	-0.50424	-0.751441	0.551038	0.900684	1.23222	1.0042	1.50248	1.32891	0.571427	0.501802	-0.310596	0.696762	0.965155	0.425862	0.0422367	-0.0840528	0.378214	0.0591076	
0.817262	0.726924	1.08606	1.07129	1.37978	1.20137	0.999228	0.502135	0.869247	0.679333	0.901071	0.873358	0.766332	0.581494	0.876025	0.542734	0.881052	0.731397	1.03764	1.05356	
0.608945	0.654542	0.0489837	-0.0851414	-0.245501	1.11179	0.172499	-0.35325	0.256503	-1.14173	-0.0327682	-0.877884	-0.842566	0.21923	2.22396	-1.05559	0.571006	1.13257	0.282237	-0.746955	
-0.439183	-0.501114	-0.447602	0.166888	0.476784	-0.505112	-0.407901	-0.600605	0.228806	-0.0817449	-0.0557304	-0.00482742	0.037553	0.142787	-0.20744	-0.628721	-0.650797	-0.0581674	-0.0309943	0.0648087	
-1.72011	-1.56337	-1.24479	-2.09814	-1.53019	-1.19968	-1.66203	-1.47375	-0.965756	-0.199452	-0.676858	-0.441994	-0.556063	-0.335575	-0.70395	-1.48105	0.117088	0.391039	0.290119	-0.731007	
1.16146	1.07199	0.478315	0.979618	0.421573	0.786669	0.917805	1.91221	-0.404544	-0.414428	0.312501	-2.10362	-1.7786	-0.462336	-0.295096	-4.53018	-0.167214	1.21824	1.14651	-0.324707	
-0.259908	-0.579477	-0.518587	-0.487629	-0.491009	0.0523993	-0.49432	0.0692747	-0.324234	0.403824	-0.124079	-0.112588	-0.125198	0.20709	0.962721	0.05214	-0.541391	-0.580826	-0.617094	-0.668559	
0.195384	0.515625	-0.351217	-0.286687	-0.264032	-0.225865	-0.285075	-0.861633	0.11141	0.141855	-0.510426	-1.14411	-0.693535	-0.682387	-0.135478	-0.872754	-0.443616	0.77616	-0.177492	-0.478987	
-0.755105	2.37435	3.08783	1.03765	0.488194	1.61716	0.224047	-0.506308	0.994838	1.50766	1.44797	1.05813	1.48712	2.14587	1.46693	-0.113194	1.13683	1.03373	1.39235	0.967994	
0.124662	-1.34282	-1.15326	-1.5182	-0.788132	-1.13329	-1.53112	-1.56713	-2.14059	-1.03545	-0.753455	-0.829597	-1.42458	-0.824321	-0.982492	-1.23848	-0.213025	-0.33909	-0.422671	-2.04391	
-0.13542	-1.41268	0.0916686	-1.37058	0.980455	1.7037	3.02553	1.52382	0.997018	0.138926	0.297259	0.130379	-0.217303	-1.01607	1.88052	0.0646021	3.68262	3.00087	3.87003	3.34101	
0.720491	0.0591363	0.60534	-0.0321939	-0.0306859	0.921735	-0.000280119	-0.49303	-0.0567774	0.707452	0.637805	-0.23304	-0.289231	1.00358	0.833693	-1.32677	-1.15725	0.430414	0.329386	-1.07261	
0.757473	0.41416	0.781855	0.669871	0.604322	1.31319	0.567783	0.443331	0.233726	0.235019	1.17518	1.23002	0.142437	-0.00874307	0.0121287	-0.26295	0.59257	0.259131	0.642179	0.507941	
-0.0155561	-0.746363	-0.531634	-1.45253	1.6128	-1.34722	1.92973	1.61115	-0.462001	-4.10154	-2.26773	-1.50441	-0.990799	-0.329696	-1.40269	-0.552479	2.24979	2.51051	0.562858	-0.819201	
-1.0274	-0.484076	-0.235217	0.0662278	0.5398	0.0793532	-0.124737	-1.22158	-0.182406	0.333715	0.396206	-0.663386	0.226086	-0.532447	0.27022	-1.00157	0.0253811	0.49712	0.172322	1.01849	
-0.607258	-0.108217	0.371912	-0.288851	-0.79255	0.594777	0.849883	-0.162584	-0.137217	-0.0162726	-0.337831	0.373745	-0.301178	0.155626	0.675004	-1.73607	0.367266	0.0342008	-0.290835	-0.0809525	
0.166622	1.05673	0.333309	0.21964	-1.20439	-0.0772008	-0.722326	-1.4307	0.00315228	-0.6932	-0.248283	-0.268323	0.104047	0.385496	0.550261	0.0277278	0.0702435	-0.0279971	-0.2685	-0.429721	
-1.32773	-0.929449	-0.293514	-0.448645	-1.97853	-1.12134	-1.17862	-1.11214	-0.0169051	-1.08735	-0.0678176	-0.146887	-0.124311	-0.588815	-0.265822	-0.397404	1.06522	0.646598	0.421643	0.473788	
-0.143	0.541158	0.130234	0.257439	-0.23463	0.681855	0.286247	-0.190764	0.457088	0.444955	0.659937	0.172808	-0.011349	-0.298737	-0.0830053	-0.198119	-0.805796	-0.212844	-0.498779	-0.76069	
0.7354	0.97067	0.912148	-0.377294	0.417113	0.516282	0.371912	0.609912	1.28716	0.857821	1.01732	0.65074	0.656984	0.231176	0.156242	0.518452	0.879569	1.02968	0.554727	0.0966492	
-2.72109	-1.33431	-3.36363	-4.11685	-2.40512	0.125917	-0.540955	-1.49888	-2.31868	-0.421045	-1.63172	-2.42508	-3.78629	-2.50009	-1.31005	-2.1837	-1.72611	-2.26165	-2.03801	-2.94182	
-0.222726	0.296338	-0.360059	-0.491869	-0.515718	1.13446	0.240665	-1.48063	-0.81803	-0.514141	-0.794388	-0.120062	-0.878298	-0.616761	-0.0651689	-1.65126	0.625812	-0.404066	-0.465734	-1.28224	
-2.43374	-1.28651	-0.893918	-2.34871	-2.41365	-1.39443	-2.7658	-1.66114	-2.17151	-1.41209	-1.93233	-3.13743	-2.10465	-3.1126	-2.52906	-3.16247	-0.176943	-0.216002	0.529425	0.558144	
0.505646	-0.31002	0.0653374	-0.738024	-1.69746	0.408299	-1.13984	-0.270388	-1.27386	-0.891453	-1.51682	-2.25796	-1.38945	-0.0805271	-0.138828	-1.34594	-0.973688	-0.518439	-1.78095	-2.05349	
1.93781	1.84401	1.35638	1.44624	1.05188	1.56596	1.52501	3.00216	2.54185	1.14201	-0.291479	2.08511	-0.111296	2.28592	0.000741443	2.35421	0.850764	1.99315	0.139828	-1.23489	
