ons.statement_evaluation.prosody.CN_SNneg	ons.statement_evaluation.prosody.CN_SPneg	ons.statement_evaluation.prosody.CP_SNpos	ons.statement_evaluation.prosody.CP_SPpos	ons.statement_evaluation.semantic.CN_SNneg	ons.statement_evaluation.semantic.CN_SPneg	ons.statement_evaluation.semantic.CP_SNpos	ons.statement_evaluation.semantic.CP_SPpos	ons.statement_evaluation.irony.CN_SNneg	ons.statement_evaluation.irony.CN_SPneg	ons.statement_evaluation.irony.CP_SNpos	ons.statement_evaluation.irony.CP_SPpos	ons.statement_evaluation.sarcasm.CN_SNneg	ons.statement_evaluation.sarcasm.CN_SPneg	ons.statement_evaluation.sarcasm.CP_SNpos	ons.statement_evaluation.sarcasm.CP_SPpos	ons.statement_evaluation.tom.CN_SNneg	ons.statement_evaluation.tom.CN_SPneg	ons.statement_evaluation.tom.CP_SNpos	ons.statement_evaluation.tom.CP_SPpos	
1.79414	1.89985	0.528278	0.323556	1.68206	1.28607	0.482957	-0.169915	2.2935	3.27218	1.87829	2.81592	2.77754	4.0925	2.34217	2.37982	0.82076	-0.0711491	0.730052	0.414607	
0.0287545	0.760594	-1.38839	-0.096217	-1.8863	-1.46435	-1.1113	-1.19485	-0.461553	-0.625302	-1.24606	0.121682	-2.15293	-3.99266	-2.44485	-2.9173	-3.02466	-2.74783	-2.49539	-1.44037	
-0.246253	-1.0849	0.205937	-0.492872	-1.47073	-0.29905	-0.506435	-1.36008	-0.525601	-0.676484	-0.980374	-0.398561	-0.515529	-0.184286	-0.396585	-0.16974	0.728099	0.891016	0.180332	0.591249	
1.13102	0.529165	0.926344	1.63252	0.0139417	-0.202723	-0.566279	-0.19295	0.642749	1.42361	0.507324	1.4395	0.0899866	0.546449	0.261652	-0.0230018	-0.702822	-0.157069	0.0580594	-1.03562	
0.287886	-0.526712	-0.0103711	0.111889	-0.620443	-0.0564289	-0.715834	0.145243	0.110187	0.668926	0.15125	0.441972	-1.09803	-0.639475	-0.147048	-0.526338	0.252754	0.924222	0.77463	1.04056	
-2.14215	-1.58015	-1.91239	-2.6522	0.730139	1.25046	0.0355488	-0.486238	0.182376	0.70931	1.56058	0.594674	0.446468	0.274136	-0.255961	0.0405896	0.885046	0.0143386	0.629166	-0.703794	
-0.0680535	-0.999833	-1.21436	-1.71275	-0.506005	-0.600715	-0.336463	-0.871272	-0.486169	-0.696961	-0.343576	-0.776027	-0.397103	-0.0488733	0.290466	-0.369839	-0.277407	-0.171733	-0.560418	-0.492883	
-3.47886	-3.74382	-3.50122	-2.63525	-0.778531	0.000926894	-2.02794	-1.03732	-3.49922	-2.66793	-2.21658	-2.15894	-2.21503	-1.15909	-1.71616	-1.77793	-3.02869	-3.18355	-2.20172	-2.33424	
-1.26249	-2.61834	-0.296871	-0.462414	0.702612	-1.02799	-1.95287	-0.534902	-0.492668	-0.443518	-0.771157	-0.467608	-2.30106	-0.981888	-1.16039	-1.82605	-0.911944	-0.646789	-0.705607	-1.91855	
0.56677	-0.663188	0.393991	-0.500197	0.096211	0.23889	0.20017	-0.477167	-0.564211	-0.748231	-0.261589	-0.905778	-0.112727	-0.828553	-0.701802	-1.61427	-0.94977	-0.630535	-1.11367	-1.63219	
-2.75771	-2.93713	-2.92293	-2.28942	-3.76967	-3.22369	-1.98367	-3.27635	-1.72106	-2.47235	-1.477	-1.94013	-1.96675	-2.14048	-1.43472	-1.95722	1.78203	2.50341	0.0999907	0.29416	
0.34048	0.0755374	-0.0376605	-0.132601	-1.25401	-0.753164	-1.15309	-1.20445	-1.04217	-1.07862	-1.81449	-2.66679	-0.499906	-0.46052	-0.838091	-1.2223	0.0563743	-0.300413	-0.0938509	-0.386445	
1.78278	2.6605	-0.681496	-2.1544	3.33606	2.08217	-1.01921	-1.1926	-3.39125	-0.175361	-1.64397	-2.4512	-3.14048	-2.73293	-3.22917	-6.18205	1.44765	0.296955	3.72225	-2.4531	
1.52031	-0.0305521	1.22925	1.61234	0.499218	-0.038556	-0.295388	-0.290704	-3.72291	1.20668	-1.00321	0.0449245	-0.047377	0.450615	-0.379868	-1.20138	0.00700723	0.172869	0.191275	0.242657	
-0.894852	-2.49475	-1.12459	-0.253017	-0.503866	-0.51797	-0.0252387	-1.20622	1.14204	0.111869	-0.509801	-0.224699	-0.0492567	0.112382	0.947152	0.35983	-0.162065	-0.0108204	-0.0780144	-0.232499	
-1.96123	-1.52158	-1.62263	-2.12754	-1.18788	-1.16957	-1.38942	-2.2753	-1.72984	-2.59118	-1.66678	-2.29318	-2.05183	-1.62745	-1.97993	-1.8072	-1.2918	-1.08753	-1.16739	-2.62294	
-0.215108	1.86785	0.479118	1.07614	0.814597	2.41692	0.965689	-0.524717	-0.323127	-0.0264532	0.243753	-0.813233	1.5102	0.992271	0.299156	-0.327404	1.41436	1.40973	1.64687	0.381973	
0.692568	1.08459	0.144871	0.444238	2.69508	1.51367	2.89776	2.62753	-0.19759	0.392789	1.84425	1.78305	1.32198	3.26021	2.22007	2.01967	0.881982	1.98742	2.82721	1.16225	
0.514521	0.807012	-0.0537371	-0.778476	0.747092	1.30451	-0.444336	0.0885778	-0.436391	0.360807	-0.0899533	0.170504	-0.136611	0.947548	0.391033	1.86339	1.07786	-0.101429	-0.457477	-0.392591	
0.866428	-0.508286	0.817817	-1.00908	-0.805697	-1.23247	0.504742	-2.48156	-0.518285	-1.13805	-1.57231	-1.61345	0.878375	-0.306523	-1.06634	-1.31601	-1.89185	-1.01305	-1.64848	-3.38925	
3.62175	3.96276	7.44135	6.91744	-1.60055	-0.897423	-3.1475	-2.62846	0.0122659	-1.1763	1.71543	-3.50696	0.6222	0.906558	1.37688	0.222362	-0.100915	0.54939	-0.927273	-2.11522	
-2.45133	-4.26439	-3.05776	-2.56361	-2.43478	-1.98588	-1.67373	-2.78597	-3.56392	-3.26207	-2.36847	-3.1732	-2.1326	-2.62683	-2.08439	-2.82754	-3.439	-2.85412	-2.82791	-3.43263	
-1.0611	-1.34108	-1.23308	-0.32495	-0.43492	-1.78633	-0.689901	-1.43089	-1.43992	-0.141853	-0.425574	-0.241237	0.130637	-0.30455	-0.300457	-0.480194	-0.311522	-0.36924	0.0746061	0.0205261	
-2.4155	-1.54579	-2.99876	-1.45336	0.550227	-0.675575	-0.0841241	0.606362	-1.45167	-0.571213	-1.406	-1.38124	-2.58955	-0.0488743	-0.717165	-0.44308	-0.309315	-0.0261413	-0.597708	-1.09852	
-2.20623	-0.468718	-0.270064	-0.132382	-0.411814	0.813664	-2.03219	-3.50089	0.996893	0.0355716	0.227311	1.32244	-0.338437	-0.202293	2.43837	1.89158	-0.334134	-0.603697	-1.23918	-2.01499	
-2.61194	-3.78018	-2.60583	-2.33545	-1.79549	-0.557933	-1.31616	-2.29682	-0.546372	-1.30369	-1.2283	-1.04755	-1.86487	-1.55682	-1.19863	-1.49083	-1.51031	-1.83078	-1.92364	-2.19025	
-2.29018	-1.36882	-2.1169	-3.57552	-0.531763	-0.566065	-0.7929	-0.932921	-0.11292	0.110581	0.16968	-0.831758	-0.628329	0.0195278	-0.373657	-0.121864	-0.234823	0.775557	0.132994	-1.00516	
-1.46751	-1.61254	-1.1411	-1.12337	-0.987183	-0.269314	-2.1821	-0.943364	-2.32762	-2.44015	-0.155318	-2.59433	-2.63198	-0.997591	-1.31211	-4.32877	-1.59063	-1.36006	-1.74759	-2.47138	
-2.62858	-1.96331	-2.04383	-1.59374	-1.80184	-3.15925	-3.33079	-3.46976	-1.61486	-1.76218	-1.64793	-1.99902	-1.47861	-1.01326	-2.20076	-2.17173	-1.68799	-1.33402	-1.63023	-2.13495	
-3.13565	-3.72348	-4.41116	-3.80991	-2.55196	-2.53735	-3.15662	-2.5149	-2.38574	-1.54312	-2.26933	-1.7443	-3.14955	-1.70084	-2.38662	-2.43134	-1.03992	-0.409421	-1.4739	-3.14406	
-1.13933	0.633335	-0.223444	-0.0209708	0.0151494	0.717497	0.108178	-1.00858	-1.2972	-0.0902335	-0.230236	-2.03525	-0.0889054	1.36226	0.799246	-0.674291	-1.78574	-0.382404	-0.131	-2.08274	
-0.65471	-0.757778	-0.227353	-1.0721	2.23653	1.74827	0.0419351	0.667457	-0.637978	-0.0196491	0.17451	0.519164	-1.15709	-0.978304	-1.12615	-1.2308	-0.841094	-0.251997	-0.623787	-0.580574	
0.131513	0.674665	-1.32478	-0.579031	-1.9936	1.25103	-2.00478	-1.68398	-2.79225	0.511462	-2.4638	-1.38649	0.0877312	-1.37557	-0.327027	-1.80853	-0.727168	1.23089	1.95325	0.96686	
-0.179925	0.416578	1.28482	0.0268674	1.0661	1.11919	1.52933	-0.14131	0.25272	0.912525	0.779745	0.550311	1.0329	1.12336	0.876272	0.715682	0.157876	1.01708	0.535858	-0.353599	
1.58964	0.589199	0.518553	-0.1599	0.559148	0.00944131	-0.713367	-2.20175	0.334689	0.972524	-0.486153	-0.340364	-0.792841	1.29983	-1.08622	-0.567328	-0.217406	0.65586	1.16477	-1.70167	
-1.76946	-2.00507	-1.43729	-2.36219	-0.524909	-0.925966	-0.384009	-1.392	-2.50181	-1.93887	-2.27188	-2.37917	-0.926753	-0.94227	-0.812262	-2.43179	1.15483	-0.552686	0.13091	0.566406	
-0.171674	0.57544	-0.661771	-1.01573	-1.20638	-0.434395	-0.53357	-1.01148	-1.387	-0.396341	0.257407	-0.627431	-0.00582991	-0.309404	-0.507009	-2.89079	-0.97912	0.861805	0.855375	-1.40744	
-0.653523	-0.819971	-0.689764	-1.24051	-2.1338	-0.317496	-0.958566	-1.53117	-0.347998	-0.504269	-0.578691	-1.3324	-1.46036	-1.55437	-0.618898	-1.72252	-0.58601	-0.487234	0.233402	-0.46865	
-0.109319	-2.82958	2.15524	0.587288	0.326736	-0.323175	3.19391	0.447433	3.55881	3.15478	1.69934	0.00177493	2.74944	1.21857	1.19457	-0.446993	2.75797	3.30151	1.01848	-0.449341	
1.0098	0.116292	-0.0891087	-0.56566	0.187516	0.0560973	-1.2321	-0.852873	0.516717	2.09706	0.957943	0.156179	0.9631	-0.160759	1.0225	-2.02262	0.11496	0.605594	-0.00551257	-1.52147	
-3.50306	-1.80981	-3.04923	-2.45471	-0.944286	-0.975753	-0.618657	-1.57931	-0.18526	0.696061	-0.223016	-0.483621	-0.306777	0.561243	-0.172086	-1.86052	0.608487	0.70046	0.250027	-1.09443	
0.0893043	1.22782	-0.197716	0.488017	0.252548	-0.449516	-0.00707216	-0.939956	-0.610284	-1.36376	-1.66534	-1.05219	-0.454733	0.403882	-1.74057	-1.5677	-0.0491167	0.560196	-0.129228	0.144033	
-3.63238	-2.51819	-1.53584	-1.78107	-2.78552	-3.02929	-2.37953	-2.13886	-1.05285	-0.0688599	0.584512	-0.137289	0.565641	3.09822	-0.154132	1.40296	-0.509051	0.0513711	-0.259074	-1.7988	
0.71552	0.935803	0.374188	0.833748	1.29874	2.02487	1.93812	0.904091	0.753408	1.48417	2.01941	0.268968	0.462929	1.43761	0.291345	0.506031	0.887079	1.25409	0.723561	0.354624	
-0.315784	0.761305	-0.565551	-1.89352	-0.258868	0.670751	0.0785655	-0.518286	0.658256	0.625574	0.604969	-0.924717	-1.46152	0.400763	-0.344961	0.43026	0.760652	1.42583	0.921374	-0.671721	
-2.7514	-2.02915	-2.64383	-3.83546	-5.91614	-3.6209	-3.85832	-4.78718	-4.07178	-2.69126	-3.79583	-4.09423	-5.4032	-3.01869	-2.06924	-4.83002	-2.19375	-2.35408	-1.76434	-3.36523	
-1.84118	-1.52396	-0.857591	-2.61677	-0.351938	0.349125	0.236548	-2.50004	-0.199645	-1.34832	-1.67517	-0.28592	-1.90328	-1.30866	-1.79961	-0.885564	0.365217	0.233472	-1.24319	-0.269201	
0.719983	0.979982	0.707187	-2.02121	-1.11107	0.242532	0.92283	0.167831	-1.46046	-0.00556476	-1.1654	-0.963859	-0.395801	-0.476896	0.607711	-0.311659	1.41357	1.48753	2.31068	0.718584	
-2.66857	-2.63908	-2.87928	-5.04076	-1.73754	-0.774441	-0.466545	-2.08829	-2.48818	-3.26657	-2.58992	-4.89961	-2.15126	-1.65629	-1.02426	-0.851539	-3.21691	-2.48786	-3.84912	-5.08366	
-0.372189	-0.600694	-0.490269	-4.12425	-0.0408979	2.25297	0.935759	1.42806	-2.54821	-0.262752	-1.90436	-3.42238	-1.81208	-4.36515	0.464142	-2.92983	0.222489	2.33497	0.071122	-0.26078	
