subID	 genre	 age	 task	 run	 Context 	 Statement	 Condition_name	 Situation	 Evaluation_Score	 Validation_Type	 Time_Context	 Time_Statement	 Voice_Context	 Voice_Statement	 Time_Onset	 Time_Onset_Context	 Time_End_Context	 Time_Onset_Statement	 Time_End_Statement	 Onset_Evaluation	 End_Evaluation	 Real_Time_Onset	 Real_Time_Onset_Context	 Real_Time_End_Context	 Real_Time_Onset_Statement	 Real_Time_End_Statement	 Real_Time_Onset_Evaluation	 Real_Time_End_Evaluation	 RT	 Jitter
32	2	18	semantic	5	CNf4_7.wav	SNnegh2_7.wav	CN_SNneg	7	1	valid	2.546	1.0775	f4	h2	0	1	3.546	4.9892	6.0667	7.0667	9.2378	0.0028256	1.0018	3.5473	4.9907	6.068	7.0683	8.7394	1.6711	1.4432
32	2	18	semantic	5	CNf2_11.wav	SPnegh3_11.wav	CN_SPneg	11	4	valid	2.744	1.117	f2	h3	9.2378	10.2378	12.9818	13.5118	14.6288	15.6288	17.3917	9.2549	10.2396	12.9832	13.5134	14.6302	15.6303	16.8932	1.263	0.52999
32	2	18	semantic	5	CPf1_12.wav	SNposf4_12.wav	CP_SNpos	12	1	valid	1.9637	1.0568	f1	f4	17.3917	18.3917	20.3555	21.0867	22.1435	23.1435	24.8699	17.4076	18.3934	20.3568	21.0884	22.1449	23.1451	24.3715	1.2265	0.73124
32	2	18	semantic	5	CNh3_11.wav	SNnegf1_11.wav	CN_SNneg	11	1	valid	2.3602	0.84263	h3	f1	24.8699	25.8699	28.2302	28.8458	29.6885	30.6885	32.3665	24.8861	25.8716	28.2315	28.8475	29.6898	30.6902	31.8682	1.178	0.61567
32	2	18	semantic	5	CNh1_13.wav	SNnegf4_13.wav	CN_SNneg	13	2	valid	1.881	1.3235	h1	f4	32.3665	33.3665	35.2475	35.8305	37.154	38.154	39.7238	32.3827	33.368	35.2488	35.832	37.1554	38.1556	39.2253	1.0697	0.58303
32	2	18	semantic	5	CPh4_3.wav	SNposf1_3.wav	CP_SNpos	3	1	valid	2.1244	1.1496	h4	f1	39.7238	40.7238	42.8482	44.2454	45.395	46.395	47.7087	39.7402	40.7254	42.8496	44.2469	45.3965	46.3967	47.2103	0.81364	1.3973
32	2	18	semantic	5	CPf2_16.wav	SPposf3_16.wav	CP_SPpos	16	5	valid	2.1088	0.77787	f2	f3	47.7087	48.7087	50.8174	51.346	52.1239	53.1239	54.5659	47.7248	48.7108	50.8188	51.3478	52.1253	53.1255	54.0675	0.94198	0.52858
32	2	18	semantic	5	CPh1_13.wav	SPposf1_13.wav	CP_SPpos	13	5	valid	1.4469	1.0322	h1	f1	54.5659	55.5659	57.0128	58.4728	59.505	60.505	61.7299	54.5815	55.5675	57.0141	58.4744	59.5064	60.5067	61.2316	0.72487	1.46
32	2	18	semantic	5	CNf1_6.wav	SNnegf2_6.wav	CN_SNneg	6	2	valid	2.4798	0.96653	f1	f2	61.7299	62.7299	65.2097	66.3966	67.3632	68.3632	69.7299	61.7466	62.7315	65.211	66.3982	67.3646	68.3647	69.2315	0.86677	1.187
32	2	18	semantic	5	CPf1_9.wav	SNposf2_9.wav	CP_SNpos	9	1	valid	1.917	1.2481	f1	f2	69.7299	70.7299	72.6469	73.4061	74.6541	75.6541	77.0849	69.7459	70.7315	72.6483	73.4078	74.6555	75.6556	76.5864	0.93078	0.75912
32	2	18	semantic	5	CPf2_16.wav	SNposf1_16.wav	CP_SNpos	16	1	valid	2.1088	0.74934	f2	f1	77.0849	78.0849	80.1937	80.8235	81.5729	82.5729	83.9895	77.1013	78.0865	80.195	80.825	81.5743	82.5746	83.4913	0.91666	0.62984
32	2	18	semantic	5	CPf2_8.wav	SNposh2_8.wav	CP_SNpos	8	2	valid	1.5232	0.88234	f2	h2	83.9895	84.9895	86.5127	87.5329	88.4153	89.4153	90.5098	84.0058	84.9912	86.5141	87.5345	88.4167	89.4168	90.0114	0.59455	1.0203
32	2	18	semantic	5	CNf4_9.wav	SPnegf1_9.wav	CN_SPneg	9	5	valid	2.6368	1.3602	f4	f1	90.5098	91.5098	94.1466	94.6752	96.0354	97.0354	98.6627	90.5256	91.5114	94.148	94.6773	96.0368	97.037	98.1644	1.1273	0.52854
32	2	18	semantic	5	CPh4_9.wav	SPposf4_9.wav	CP_SPpos	9	5	valid	2.5525	1.4774	h4	f4	98.6627	99.6627	102.2152	102.8688	104.3462	105.3462	106.5935	98.6792	99.6645	102.2166	102.8704	104.3475	105.3477	106.095	0.74726	0.65361
32	2	18	semantic	5	CPh3_1.wav	SPposh2_1.wav	CP_SPpos	1	4	valid	2.0823	1.0206	h3	h2	106.5935	107.5935	109.6758	110.5337	111.5542	112.5542	113.7898	106.6106	107.5949	109.6772	110.5351	111.5557	112.5556	113.2911	0.73555	0.85786
32	2	18	semantic	5	CNh4_8.wav	SNnegh2_8.wav	CN_SNneg	8	2	valid	2.0463	0.92705	h4	h2	113.7898	114.7898	116.8361	117.9111	118.8381	119.8381	121.1868	113.8057	114.7913	116.8374	117.9127	118.8395	119.8397	120.6883	0.84861	1.075
32	2	18	semantic	5	CPh1_10.wav	SPposh4_10.wav	CP_SPpos	10	4	valid	1.5489	0.7793	h1	h4	121.1868	122.1868	123.7357	124.9833	125.7626	126.7626	127.8414	121.2026	122.1884	123.7371	124.9848	125.7639	126.7642	127.3431	0.57888	1.2476
32	2	18	semantic	5	CNf4_16.wav	SPnegf3_16.wav	CN_SPneg	16	4	valid	2.1648	0.92299	f4	f3	127.8414	128.8414	131.0063	132.4795	133.4025	134.4025	135.9449	127.8572	128.8429	131.0077	132.481	133.4039	134.4038	135.4462	1.0424	1.4732
32	2	18	semantic	5	CPh1_11.wav	SPposf1_11.wav	CP_SPpos	11	5	valid	2.344	1.1195	h1	f1	135.9449	136.9449	139.2889	140.5214	141.6409	142.6409	145.8906	135.9609	136.9465	139.2903	140.523	141.6423	142.6424	145.3921	2.7497	1.2325
32	2	18	semantic	5	CPh3_1.wav	SNposh2_1.wav	CP_SNpos	1	1	valid	2.0823	1.0612	h3	h2	145.8906	146.8906	148.9729	150.2797	151.3409	152.3409	154.7816	145.9073	146.8922	148.9743	150.2812	151.3423	152.3425	154.2831	1.9406	1.3068
32	2	18	semantic	5	CPh1_12.wav	SPposh2_12.wav	CP_SPpos	12	5	valid	1.696	0.8742	h1	h2	154.7816	155.7816	157.4775	158.2667	159.1409	160.1409	161.4953	154.7985	155.7831	157.479	158.2682	159.1423	160.1425	160.9969	0.85442	0.78916
32	2	18	semantic	5	CNf1_6.wav	SPnegh4_6.wav	CN_SPneg	6	4	valid	2.4798	1.1413	f1	h4	161.4953	162.4953	164.975	165.7547	166.896	167.896	169.2803	161.5125	162.4968	164.977	165.7562	166.8974	167.8976	168.7819	0.88431	0.77969
32	2	18	semantic	5	CPf2_6.wav	SNposh1_6.wav	CP_SNpos	6	1	valid	1.7704	0.92122	f2	h1	169.2803	170.2803	172.0508	173.537	174.4582	175.4582	177.4026	169.296	170.2819	172.0521	173.5385	174.4603	175.4607	176.905	1.4444	1.4862
32	2	18	semantic	5	CPh2_10.wav	SNposh3_10.wav	CP_SNpos	10	2	valid	1.7423	0.81857	h2	h3	177.4026	178.4026	180.1449	180.7656	181.5842	182.5842	184.9055	177.419	178.4042	180.1463	180.7671	181.5856	182.5858	184.4071	1.8213	0.62067
32	2	18	semantic	5	CNf3_3.wav	SNnegh4_3.wav	CN_SNneg	3	1	valid	2.8553	1.0357	f3	h4	184.9055	185.9055	188.7608	189.3158	190.3516	191.3516	193.0996	184.921	185.9071	188.7622	189.3175	190.3529	191.3532	192.6012	1.248	0.55506
32	2	18	semantic	5	CNf1_4.wav	SNnegf2_4.wav	CN_SNneg	4	2	valid	1.5589	1.3926	f1	f2	193.0996	194.0996	195.6585	197.0113	198.4039	199.4039	200.7473	193.1154	194.1011	195.6602	197.0128	198.4052	199.4054	200.2489	0.84344	1.3528
32	2	18	semantic	5	CPf1_7.wav	SNposh2_7.wav	CP_SNpos	7	2	valid	1.8508	1.0938	f1	h2	200.7473	201.7473	203.5981	204.1721	205.2659	206.2659	207.8793	200.7636	201.7488	203.5994	204.1737	205.2672	206.2674	207.3809	1.1134	0.57402
32	2	18	semantic	5	CNf4_15.wav	SNnegf3_15.wav	CN_SNneg	15	1	valid	2.2631	1.0843	f4	f3	207.8793	208.8793	211.1424	211.9483	213.0326	214.0326	215.856	207.8957	208.8808	211.1437	211.9498	213.034	214.0345	215.3579	1.3234	0.80591
32	2	18	semantic	5	CNf1_2.wav	SPnegh4_2.wav	CN_SPneg	2	5	valid	1.6943	1.4832	f1	h4	215.856	216.856	218.5503	219.4665	220.9497	221.9497	223.0652	215.8729	216.8576	218.5518	219.4681	220.951	221.9512	222.5667	0.61549	0.91614
32	2	18	semantic	5	CPf4_13.wav	SNposh2_13.wav	CP_SNpos	13	2	valid	2.0673	0.99211	f4	h2	223.0652	224.0652	226.1325	227.3737	228.3658	229.3658	232.8055	223.0815	224.0667	226.1339	227.3753	228.3672	229.3673	232.307	2.9397	1.2412
32	2	18	semantic	5	CPf4_2.wav	SNposh2_2.wav	CP_SNpos	2	3	valid	1.9699	1.1751	f4	h2	232.8055	233.8055	235.7754	236.4735	237.6486	238.6486	242.4392	232.8212	233.807	235.7768	236.475	237.65	238.6501	241.9407	3.2906	0.69814
32	2	18	semantic	5	CNh3_12.wav	SNnegf4_12.wav	CN_SNneg	12	1	valid	2.1734	1.0106	h3	f4	242.4392	243.4392	245.6127	246.2336	247.2442	248.2442	249.7393	242.455	243.4407	245.614	246.2351	247.2455	248.2457	249.2409	0.99516	0.6209
32	2	18	semantic	5	CNf1_4.wav	SPnegf4_4.wav	CN_SPneg	4	4	valid	1.5589	1.6621	f1	f4	249.7393	250.7393	252.2982	253.704	255.3661	256.3661	257.4621	249.7557	250.7408	252.2997	253.7055	255.3675	256.3677	256.9637	0.59604	1.4058
32	2	18	semantic	5	CNh1_14.wav	SNnegf3_14.wav	CN_SNneg	14	2	valid	1.9124	1.1576	h1	f3	257.4621	258.4621	260.3745	261.4041	262.5617	263.5617	265.5054	257.4794	258.4637	260.3758	261.4057	262.5631	263.5633	265.007	1.4437	1.0296
32	2	18	semantic	5	CNf2_5.wav	SPnegf1_5.wav	CN_SPneg	5	4	valid	2.315	0.95098	f2	f1	265.5054	266.5054	268.8204	269.7344	270.6854	271.6854	273.3235	265.521	266.507	268.8218	269.7359	270.6868	271.6869	272.825	1.1381	0.91404
32	2	18	semantic	5	CNh4_16.wav	SNnegh2_16.wav	CN_SNneg	16	1	valid	2.2909	0.72782	h4	h2	273.3235	274.3235	276.6144	277.7669	278.4947	279.4947	280.7292	273.3411	274.325	276.6158	277.7685	278.4961	279.4963	280.2308	0.73444	1.1526
32	2	18	semantic	5	CNh4_5.wav	SNnegf3_5.wav	CN_SNneg	5	1	valid	2.5802	1.1299	h4	f3	280.7292	281.7292	284.3094	285.3533	286.4831	287.4831	289.5173	280.7445	281.7306	284.3108	285.3548	286.4845	287.4847	289.0189	1.5342	1.0439
32	2	18	semantic	5	CNf3_14.wav	SPnegh1_14.wav	CN_SPneg	14	5	valid	1.9585	1.4469	f3	h1	289.5173	290.5173	292.4759	293.6911	295.138	296.138	298.726	289.5333	290.5188	292.4773	293.6926	295.1394	296.1397	298.2278	2.088	1.2152
32	2	18	semantic	5	CNh1_15.wav	SPnegh2_15.wav	CN_SPneg	15	4	valid	1.6736	0.87828	h1	h2	298.726	299.726	301.3996	302.1802	303.0585	304.0585	305.4722	298.7418	299.7277	301.401	302.1817	303.0599	304.06	304.9737	0.91368	0.78058
32	2	18	semantic	5	CNf4_9.wav	SNnegf1_9.wav	CN_SNneg	9	2	valid	2.6368	1.1315	f4	f1	305.4722	306.4722	309.109	310.4328	311.5644	312.5644	313.8801	305.4882	306.4737	309.1103	310.4343	311.5658	312.5659	313.3817	0.81574	1.3239
32	2	18	semantic	5	CPh1_2.wav	SPposh2_2.wav	CP_SPpos	2	5	valid	1.471	1.4434	h1	h2	313.8801	314.8801	316.3512	317.7197	319.1631	320.1631	321.3413	313.8957	314.8816	316.3525	317.7212	319.1645	320.1646	320.8428	0.67819	1.3685
32	2	18	semantic	5	CPf3_4.wav	SPposf1_4.wav	CP_SPpos	4	4	valid	2.5889	1.2369	f3	f1	321.3413	322.3413	324.9302	326.3831	327.62	328.62	329.5862	321.3572	322.3433	324.9316	326.3846	327.6213	328.6215	329.0877	0.46621	1.4529
32	2	18	semantic	5	CNh2_10.wav	SPnegf4_10.wav	CN_SPneg	10	4	valid	2.0737	1.0106	h2	f4	329.5862	330.5862	332.6599	333.6385	334.6491	335.6491	337.0663	329.6019	330.5877	332.6613	333.64	334.6504	335.6506	336.5678	0.91721	0.9786
32	2	18	semantic	5	CNh3_7.wav	SPnegf1_7.wav	CN_SPneg	7	4	valid	2.2218	1.1315	h3	f1	337.0663	338.0663	340.2881	341.1735	342.3051	343.3051	344.3438	337.0818	338.0678	340.2895	341.175	342.3064	343.3067	343.8454	0.53873	0.88544
32	2	18	semantic	5	CPf3_7.wav	SPposh2_7.wav	CP_SPpos	7	4	valid	2.0523	1.0856	f3	h2	344.3438	345.3438	347.3961	348.6989	349.7845	350.7845	351.9652	344.3599	345.3453	347.3976	348.7003	349.786	350.7861	351.4668	0.68068	1.3027
32	2	18	semantic	5	CNh1_12.wav	SPnegf3_12.wav	CN_SPneg	12	5	valid	1.8513	0.96943	h1	f3	351.9652	352.9652	354.8165	355.7575	356.727	357.727	359.4238	351.9803	352.9666	354.8179	355.7591	356.7284	357.7288	358.9256	1.1968	0.94105
32	2	18	semantic	5	CPh4_6.wav	SPposf1_6.wav	CP_SPpos	6	4	valid	2.3583	1.0834	h4	f1	359.4238	360.4238	362.7821	363.3288	364.4122	365.4122	366.6031	359.4399	360.4253	362.7835	363.3302	364.4136	365.4138	366.1046	0.69084	0.54675
32	2	18	semantic	5	CNh1_10.wav	SNnegh4_10.wav	CN_SNneg	10	2	valid	1.8328	0.90499	h1	h4	366.6031	367.6031	369.4358	369.9359	370.8409	371.8409	374.9542	366.6191	367.6046	369.4372	369.9375	370.8423	371.8432	374.4565	2.6133	0.50008
32	2	18	semantic	5	CPh3_3.wav	SPposf2_3.wav	CP_SPpos	3	4	nonvalid	1.8993	1.1189	h3	f2	374.9542	375.9542	377.8535	379.2833	380.4022	381.4022	386.9022	374.97	375.9558	377.8549	379.2848	380.4037	381.4038	NaN	NaN	1.4298
32	2	18	semantic	5	CNh2_3.wav	SPnegf2_3.wav	CN_SPneg	3	4	valid	2.7649	1.161	h2	f2	386.9022	387.9022	390.6672	391.4891	392.6501	393.6501	394.676	386.9039	387.9037	390.6686	391.4906	392.6514	393.6516	394.1775	0.52596	0.82192
32	2	18	semantic	5	CPf3_15.wav	SNposf4_15.wav	CP_SNpos	15	2	valid	1.5646	1.2773	f3	f4	394.676	395.676	397.2406	397.9616	399.2389	400.2389	402.2041	394.6915	395.6776	397.242	397.963	399.2403	400.2404	401.7056	1.4652	0.721
32	2	18	semantic	5	CPh3_8.wav	SPposh1_8.wav	CP_SPpos	8	5	valid	1.5807	0.95016	h3	h1	402.2041	403.2041	404.7848	405.5775	406.5277	407.5277	408.936	402.2197	403.2056	404.7862	405.579	406.5291	407.5292	408.4376	0.90838	0.79267
32	2	18	semantic	5	CPf1_5.wav	SPposh2_5.wav	CP_SPpos	5	4	valid	2.1397	0.8254	f1	h2	408.936	409.936	412.0757	412.6877	413.5131	414.5131	415.579	408.9534	409.9376	412.0771	412.6892	413.5144	414.5146	415.0805	0.56589	0.61194
32	2	18	semantic	5	CPh4_5.wav	SNposf1_5.wav	CP_SNpos	5	1	valid	2.2763	0.98107	h4	f1	415.579	416.579	418.8553	419.824	420.8051	421.8051	422.9959	415.5956	416.5804	418.8567	419.8257	420.8064	421.8066	422.4974	0.69082	0.9687
32	2	18	semantic	5	CNf3_2.wav	SNnegf1_2.wav	CN_SNneg	2	3	directvalide	1.7522	1.1255	f3	f1	422.9959	423.9959	425.7481	426.346	427.4715	428.4715	429.26	423.0122	423.9974	425.7494	426.3475	427.4729	428.473	428.7615	0.28848	0.59794
32	2	18	semantic	5	CNh3_1.wav	SPnegf4_1.wav	CN_SPneg	1	4	valid	2.1412	1.1029	h3	f4	429.26	430.26	432.4012	433.1159	434.2188	435.2188	436.259	429.2761	430.2615	432.4026	433.1173	434.2201	435.2202	435.7604	0.54022	0.71467
32	2	18	semantic	5	CPf1_15.wav	SPposf2_15.wav	CP_SPpos	15	4	valid	1.4716	0.86204	f1	f2	436.259	437.259	438.7306	439.4567	440.3188	441.3188	442.5587	436.2745	437.2605	438.732	439.4584	440.3202	441.3203	442.0601	0.73987	0.72611
32	2	18	semantic	5	CNf2_8.wav	SPnegh3_8.wav	CN_SPneg	8	5	valid	2.4114	0.89116	f2	h3	442.5587	443.5587	445.9701	447.3582	448.2493	449.2493	450.4969	442.5741	443.5602	445.9714	447.3596	448.2507	449.2508	449.9983	0.74757	1.3881
32	2	18	semantic	5	CPf1_4.wav	SNposh1_4.wav	CP_SNpos	4	1	valid	2.2781	1.1439	f1	h1	450.4969	451.4969	453.775	454.3407	455.4846	456.4846	457.7088	450.512	451.4986	453.7764	454.3422	455.486	456.4861	457.2103	0.72423	0.56566
32	2	18	semantic	5	CPh1_11.wav	SNposh4_11.wav	CP_SNpos	11	2	valid	2.344	1.0106	h1	h4	457.7088	458.7088	461.0529	461.8688	462.8794	463.8794	464.8798	457.7244	458.7103	461.0544	461.8703	462.8808	463.8809	464.3813	0.5004	0.81596
32	2	18	semantic	5	CPh4_14.wav	SPposf4_14.wav	CP_SPpos	14	5	valid	2.2474	1.2568	h4	f4	464.8798	465.8798	468.1272	469.5887	470.8456	471.8456	473.0884	464.8953	465.8813	468.1286	469.5902	470.8469	471.8471	472.59	0.74283	1.4615
32	2	18	semantic	5	CNh2_13.wav	SPnegf3_13.wav	CN_SPneg	13	4	valid	2.3461	0.94912	h2	f3	473.0884	474.0884	476.4345	477.1235	478.0726	479.0726	480.5747	473.1048	474.0899	476.4358	477.1249	478.074	479.0741	480.0762	1.0021	0.68899
32	2	18	semantic	5	CPf2_14.wav	SNposh3_14.wav	CP_SNpos	14	2	valid	2.4813	1.2057	f2	h3	480.5747	481.5747	484.056	485.1915	486.3972	487.3972	488.3606	480.5904	481.5762	484.0574	485.193	486.3987	487.3988	487.8622	0.46343	1.1356
32	2	18	semantic	5	CNf2_1.wav	SNnegh1_1.wav	CN_SNneg	1	2	valid	2.315	0.97426	f2	h1	488.3606	489.3606	491.6756	492.7835	493.7578	494.7578	497.2795	488.3761	489.3621	491.677	492.7852	493.7594	494.7595	496.7812	2.0217	1.1079
