subID	 genre	 age	 task	 run	 Context 	 Statement	 Condition_name	 Situation	 Evaluation_Score	 Validation_Type	 Time_Context	 Time_Statement	 Voice_Context	 Voice_Statement	 Time_Onset	 Time_Onset_Context	 Time_End_Context	 Time_Onset_Statement	 Time_End_Statement	 Onset_Evaluation	 End_Evaluation	 Real_Time_Onset	 Real_Time_Onset_Context	 Real_Time_End_Context	 Real_Time_Onset_Statement	 Real_Time_End_Statement	 Real_Time_Onset_Evaluation	 Real_Time_End_Evaluation	 RT	 Jitter
3	1	25	prosody	1	CNf1_14.wav	SNnegf2_14.wav	CN_SNneg	14	1	nonvalid	2.0283	0.93896	f1	f2	0	1	3.0283	3.6393	4.5783	5.5783	11.0783	0.0035275	1.0018	3.0297	3.6408	4.5798	5.5801	NaN	NaN	0.61097
3	1	25	prosody	1	CNh4_7.wav	SPnegf4_7.wav	CN_SPneg	7	5	nonvalid	2.5525	1.1286	h4	f4	11.0783	12.0783	14.6307	15.7619	16.8904	17.8904	23.3904	11.08	12.0801	14.6322	15.7636	16.8918	17.8923	NaN	NaN	1.1311
3	1	25	prosody	1	CNf4_3.wav	SNnegf1_3.wav	CN_SNneg	3	1	valid	3.3344	1.1616	f4	f1	23.3904	24.3904	27.7249	28.801	29.9627	30.9627	33.4572	23.3923	24.3922	27.7263	28.8028	29.964	30.9645	32.959	1.9946	1.0761
3	1	25	prosody	1	CNh1_15.wav	SNnegh2_15.wav	CN_SNneg	15	3	nonvalid	1.6736	1.1873	h1	h2	33.4572	34.4572	36.1308	36.9232	38.1105	39.1105	44.6105	33.4769	34.4591	36.1323	36.925	38.1119	39.112	NaN	NaN	0.79235
3	1	25	prosody	1	CPf4_11.wav	SNposf1_11.wav	CP_SNpos	11	1	valid	2.9292	0.89079	f4	f1	44.6105	45.6105	48.5396	49.2577	50.1484	51.1484	54.8871	44.6123	45.6124	48.541	49.2596	50.1498	51.1502	54.3889	3.2387	0.718
3	1	25	prosody	1	CPh1_5.wav	SPposh2_5.wav	CP_SPpos	5	4	valid	2.0209	0.8254	h1	h2	54.8871	55.8871	57.908	59.0449	59.8702	60.8702	65.1048	54.9106	55.8889	57.9094	59.0467	59.8717	60.872	64.6066	3.7346	1.1368
3	1	25	prosody	1	CNf1_2.wav	SNnegf3_2.wav	CN_SNneg	2	2	valid	1.6943	1.2541	f1	f3	65.1048	66.1048	67.7991	68.5805	69.8346	70.8346	74.4068	65.1231	66.1067	67.8006	68.5823	69.836	70.8364	73.9087	3.0723	0.78135
3	1	25	prosody	1	CPh1_3.wav	SPposh4_3.wav	CP_SPpos	3	5	valid	1.6592	1.0709	h1	h4	74.4068	75.4068	77.066	78.2948	79.3658	80.3658	83.6586	74.4246	75.4086	77.0675	78.2966	79.3671	80.3678	83.1607	2.7929	1.2288
3	1	25	prosody	1	CNh1_4.wav	SNnegf2_4.wav	CN_SNneg	4	1	valid	1.7749	1.3926	h1	f2	83.6586	84.6586	86.4336	86.9482	88.3408	89.3408	91.9308	83.681	84.6605	86.435	86.9499	88.3422	89.3426	91.4326	2.09	0.51463
3	1	25	prosody	1	CPh2_12.wav	SPposf3_12.wav	CP_SPpos	12	5	valid	1.9761	0.87946	h2	f3	91.9308	92.9308	94.9069	96.3543	97.2338	98.2338	101.5628	91.947	92.9326	94.9083	96.3561	97.2353	98.2356	101.0647	2.829	1.4474
3	1	25	prosody	1	CPf2_3.wav	SNposh2_3.wav	CP_SNpos	3	3	nonvalid	1.7274	1.1263	f2	h2	101.5628	102.5628	104.2903	104.9831	106.1094	107.1094	112.6094	101.5846	102.5646	104.2916	104.9849	106.1116	107.1119	NaN	NaN	0.69286
3	1	25	prosody	1	CPh2_8.wav	SPposf3_8.wav	CP_SPpos	8	5	valid	1.6061	0.98975	h2	f3	112.6094	113.6094	115.2155	116.2843	117.274	118.274	121.263	112.6119	113.612	115.2169	116.2861	117.2754	118.2758	120.7647	2.4889	1.0688
3	1	25	prosody	1	CPh4_16.wav	SNposh3_16.wav	CP_SNpos	16	5	valid	2.5525	0.81857	h4	h3	121.263	122.263	124.8154	126.291	127.1096	128.1096	130.4341	121.2786	122.2648	124.8168	126.2927	127.1116	128.1119	129.9364	1.8246	1.4756
3	1	25	prosody	1	CNh2_13.wav	SNnegf1_13.wav	CN_SNneg	13	5	nonvalid	2.3461	0.90884	h2	f1	130.4341	131.4341	133.7802	134.993	135.9019	136.9019	142.4019	130.4498	131.4356	133.7817	134.9952	135.9032	136.9036	NaN	NaN	1.2128
3	1	25	prosody	1	CNh2_7.wav	SNnegh1_7.wav	CN_SNneg	7	1	valid	2.3136	0.90426	h2	h1	142.4019	143.4019	145.7154	146.2907	147.1949	148.1949	153.176	142.4037	143.4036	145.7169	146.2924	147.1963	148.1967	152.6777	4.481	0.57524
3	1	25	prosody	1	CNf3_1.wav	SNnegf4_1.wav	CN_SNneg	1	1	nonvalid	2.1499	1.3081	f3	f4	153.176	154.176	156.3259	157.2873	158.5954	159.5954	165.0954	153.1916	154.1777	156.3273	157.289	158.5968	159.5972	NaN	NaN	0.96144
3	1	25	prosody	1	CNf4_6.wav	SNnegh3_6.wav	CN_SNneg	6	1	nonvalid	2.8984	0.99599	f4	h3	165.0954	166.0954	168.9938	170.1605	171.1565	172.1565	177.6565	165.0972	166.0973	168.9952	170.1623	171.1579	172.1583	NaN	NaN	1.1667
3	1	25	prosody	1	CPf3_5.wav	SNposh4_5.wav	CP_SNpos	5	5	nonvalid	2.4425	1.0257	f3	h4	177.6565	178.6565	181.099	181.6784	182.7041	183.7041	189.2041	177.6584	178.6582	181.1005	181.6802	182.7055	183.7059	NaN	NaN	0.57937
3	1	25	prosody	1	CNf1_8.wav	SNnegh2_8.wav	CN_SNneg	8	3	nonvalid	1.8561	0.92705	f1	h2	189.2041	190.2041	192.0601	192.6676	193.5946	194.5946	200.0946	189.2059	190.2057	192.0616	192.6692	193.596	194.5961	NaN	NaN	0.60745
3	1	25	prosody	1	CPf1_1.wav	SNposh1_1.wav	CP_SNpos	1	5	valid	2.1233	0.97426	f1	h1	200.0946	201.0946	203.218	204.6956	205.6699	206.6699	210.6748	200.0965	201.0965	203.2193	204.6974	205.6713	206.6717	210.1766	3.5049	1.4776
3	1	25	prosody	1	CPh3_2.wav	SPposh4_2.wav	CP_SPpos	2	5	valid	1.9234	1.4027	h3	h4	210.6748	211.6748	213.5983	214.1365	215.5393	216.5393	219.2925	210.6896	211.6765	213.5996	214.1383	215.5408	216.5411	218.7944	2.2533	0.53825
3	1	25	prosody	1	CNf2_4.wav	SPnegf1_4.wav	CN_SPneg	4	3	nonvalid	2.0256	1.267	f2	f1	219.2925	220.2925	222.3181	222.9583	224.2253	225.2253	230.7253	219.3088	220.2943	222.3195	222.96	224.2267	225.2269	NaN	NaN	0.64021
3	1	25	prosody	1	CPh1_4.wav	SPposh3_4.wav	CP_SPpos	4	5	valid	2.0088	1.246	h1	h3	230.7253	231.7253	233.7341	234.413	235.659	236.659	238.2948	230.7271	231.727	233.7354	234.4147	235.6605	236.6608	237.7966	1.1357	0.67896
3	1	25	prosody	1	CPf3_1.wav	SPposf1_1.wav	CP_SPpos	1	5	valid	2.2437	0.93592	f3	f1	238.2948	239.2948	241.5384	242.7006	243.6366	244.6366	249.0999	238.312	239.2964	241.5398	242.7024	243.6379	244.6384	248.6017	3.9633	1.1622
3	1	25	prosody	1	CPf1_4.wav	SNposh2_4.wav	CP_SNpos	4	3	nonvalid	2.2781	1.4882	f1	h2	249.0999	250.0999	252.378	253.812	255.3001	256.3001	261.8001	249.1167	250.1014	252.3793	253.8138	255.3015	256.3019	NaN	NaN	1.434
3	1	25	prosody	1	CNh2_3.wav	SPnegh3_3.wav	CN_SPneg	3	5	nonvalid	2.7649	1.0968	h2	h3	261.8001	262.8001	265.5651	266.2373	267.3341	268.3341	273.8341	261.8017	262.8019	265.5665	266.2391	267.3355	268.3358	NaN	NaN	0.67228
3	1	25	prosody	1	CPf1_6.wav	SNposf3_6.wav	CP_SNpos	6	4	nonvalid	1.932	1.1576	f1	f3	273.8341	274.8341	276.7662	277.6268	278.7843	279.7843	285.2843	273.836	274.8363	276.7676	277.6282	278.7857	279.7863	NaN	NaN	0.86059
3	1	25	prosody	1	CNf3_10.wav	SPnegf1_10.wav	CN_SPneg	10	4	nonvalid	2.1863	0.98107	f3	f1	285.2843	286.2843	288.4706	289.6782	290.6593	291.6593	297.1593	285.2858	286.2861	288.4721	289.6796	290.6606	291.661	NaN	NaN	1.2076
3	1	25	prosody	1	CPf3_7.wav	SNposf1_7.wav	CP_SNpos	7	5	valid	2.0523	1.1015	f3	f1	297.1593	298.1593	300.2116	301.1544	302.2559	303.2559	305.7129	297.161	298.1609	300.213	301.156	302.2573	303.2577	305.2147	1.957	0.94282
3	1	25	prosody	1	CNh4_5.wav	SPnegf3_5.wav	CN_SPneg	5	3	directvalide	2.5802	1.0739	h4	f3	305.7129	306.7129	309.2931	310.0564	311.1304	312.1304	313.8319	305.7339	306.7147	309.2949	310.0581	311.1318	312.1321	313.3336	1.2015	0.76336
3	1	25	prosody	1	CPh4_6.wav	SPposf4_6.wav	CP_SPpos	6	5	valid	2.3583	1.3697	h4	f4	313.8319	314.8319	317.1901	318.1228	319.4925	320.4925	322.1858	313.8517	314.8332	317.1915	318.1245	319.4939	320.4943	321.6876	1.1933	0.93269
3	1	25	prosody	1	CPf1_9.wav	SNposh1_9.wav	CP_SNpos	9	2	valid	1.917	0.95016	f1	h1	322.1858	323.1858	325.1028	326.3056	327.2558	328.2558	333.1349	322.2017	323.1874	325.1041	326.3074	327.2572	328.2575	332.6366	4.3791	1.2029
3	1	25	prosody	1	CPf1_14.wav	SPposf2_14.wav	CP_SPpos	14	4	valid	1.9952	1.013	f1	f2	333.1349	334.1349	336.1301	336.7547	337.7677	338.7677	342.583	333.1511	334.1367	336.1315	336.7565	337.769	338.7693	342.0846	3.3154	0.62458
3	1	25	prosody	1	CNf1_9.wav	SNnegf3_9.wav	CN_SNneg	9	3	directvalide	2.1994	1.4183	f1	f3	342.583	343.583	345.7824	346.3948	347.8131	348.8131	350.2963	342.5985	343.5846	345.7838	346.3965	347.8144	348.8145	349.7978	0.98326	0.61242
3	1	25	prosody	1	CPf3_9.wav	SPposh3_9.wav	CP_SPpos	9	5	valid	2.1912	1.3226	f3	h3	350.2963	351.2963	353.4875	354.3644	355.687	356.687	358.7766	350.3115	351.2981	353.4888	354.366	355.6884	356.6889	358.2784	1.5895	0.87695
3	1	25	prosody	1	CNf1_13.wav	SPnegh2_13.wav	CN_SPneg	13	3	nonvalid	2.227	0.8742	f1	h2	358.7766	359.7766	362.0035	362.7762	363.6504	364.6504	370.1504	358.7922	359.7785	362.0049	362.7783	363.6518	364.6522	NaN	NaN	0.77265
3	1	25	prosody	1	CPh3_10.wav	SPposh1_10.wav	CP_SPpos	10	5	nonvalid	1.8993	0.77653	h3	h1	370.1504	371.1504	373.0496	374.4715	375.248	376.248	381.748	370.1521	371.1521	373.051	374.4733	375.2494	376.2497	NaN	NaN	1.4219
3	1	25	prosody	1	CNf3_14.wav	SPnegf2_14.wav	CN_SPneg	14	5	nonvalid	1.9585	1.0173	f3	f2	381.748	382.748	384.7066	385.9143	386.9316	387.9316	393.4316	381.7498	382.7498	384.7079	385.9159	386.9331	387.9336	NaN	NaN	1.2077
3	1	25	prosody	1	CPh3_7.wav	SPposf3_7.wav	CP_SPpos	7	5	valid	1.8993	1.1291	h3	f3	393.4316	394.4316	396.3309	397.6966	398.8256	399.8256	403.6164	393.4333	394.4334	396.3323	397.6983	398.827	399.8273	403.118	3.2907	1.3657
3	1	25	prosody	1	CNh2_15.wav	SPnegh4_15.wav	CN_SPneg	15	5	nonvalid	2.0046	1.0458	h2	h4	403.6164	404.6164	406.6209	407.7538	408.7996	409.7996	415.2996	403.6372	404.618	406.6223	407.7557	408.801	409.8013	NaN	NaN	1.1329
3	1	25	prosody	1	CPf2_10.wav	SNposf1_10.wav	CP_SNpos	10	5	valid	2.1819	0.85769	f2	f1	415.2996	416.2996	418.4815	419.4856	420.3433	421.3433	423.2817	415.3012	416.3014	418.4829	419.4874	420.3448	421.3452	422.7835	1.4384	1.0041
3	1	25	prosody	1	CPf1_2.wav	SNposh4_2.wav	CP_SNpos	2	4	valid	1.8026	1.1111	f1	h4	423.2817	424.2817	426.0843	427.2881	428.3993	429.3993	433.9803	423.2979	424.2835	426.0856	427.2898	428.4006	429.4008	433.4818	4.081	1.2038
3	1	25	prosody	1	CNh3_5.wav	SNnegh4_5.wav	CN_SNneg	5	2	valid	1.9799	0.99549	h3	h4	433.9803	434.9803	436.9602	437.7069	438.7024	439.7024	443.44	433.9956	434.9821	436.9616	437.7086	438.7038	439.704	442.9416	3.2377	0.74668
3	1	25	prosody	1	CPh1_13.wav	SPposh3_13.wav	CP_SPpos	13	5	valid	1.4469	0.9839	h1	h3	443.44	444.44	445.887	447.3865	448.3704	449.3704	450.9666	443.4553	444.4415	445.8883	447.3881	448.3718	449.3722	450.4684	1.0962	1.4996
3	1	25	prosody	1	CPf2_16.wav	SPposh1_16.wav	CP_SPpos	16	4	valid	2.1088	0.71383	f2	h1	450.9666	451.9666	454.0754	455.0276	455.7414	456.7414	461.251	450.9824	451.9682	454.0767	455.0292	455.7428	456.7431	460.7527	4.0096	0.95221
3	1	25	prosody	1	CPf3_13.wav	SNposf2_13.wav	CP_SNpos	13	4	nonvalid	1.7859	1.0318	f3	f2	461.251	462.251	464.037	465.5192	466.551	467.551	473.051	461.2671	462.2528	464.0383	465.5208	466.5525	467.5527	NaN	NaN	1.4822
3	1	25	prosody	1	CPh1_14.wav	SNposh3_14.wav	CP_SNpos	14	5	valid	1.7412	1.2057	h1	h3	473.051	474.051	475.7922	477.1318	478.3375	479.3375	482.5331	473.0526	474.0525	475.7936	477.1334	478.3389	479.3391	482.0348	2.6957	1.3396
3	1	25	prosody	1	CNf1_11.wav	SPnegf2_11.wav	CN_SPneg	11	5	nonvalid	2.1186	1.0101	f1	f2	482.5331	483.5331	485.6518	486.746	487.756	488.756	494.256	482.5501	483.5348	485.6532	486.7475	487.7575	488.7575	NaN	NaN	1.0942
3	1	25	prosody	1	CNh4_12.wav	SNnegf4_12.wav	CN_SNneg	12	3	nonvalid	2.916	1.0106	h4	f4	494.256	495.256	498.172	498.8081	499.8187	500.8187	506.3187	494.2576	495.2575	498.1734	498.8098	499.82	500.8203	NaN	NaN	0.63604
3	1	25	prosody	1	CPf3_12.wav	SNposh3_12.wav	CP_SNpos	12	5	valid	1.8798	0.8468	f3	h3	506.3187	507.3187	509.1984	509.8029	510.6497	511.6497	513.11	506.3201	507.3205	509.1998	509.8044	510.651	511.6514	512.6116	0.96028	0.60447
3	1	25	prosody	1	CNh3_6.wav	SPnegh2_6.wav	CN_SPneg	6	4	nonvalid	2.4477	1.1182	h3	h2	513.11	514.11	516.5576	517.9472	519.0654	520.0654	525.5654	513.1258	514.1117	516.559	517.9488	519.0668	520.067	NaN	NaN	1.3896
3	1	25	prosody	1	CPh1_11.wav	SPposh3_11.wav	CP_SPpos	11	4	valid	2.344	1.246	h1	h3	525.5654	526.5654	528.9094	529.5368	530.7828	531.7828	534.867	525.5668	526.567	528.9115	529.5382	530.7842	531.7846	534.3687	2.5842	0.62743
3	1	25	prosody	1	CNh2_2.wav	SPnegf2_2.wav	CN_SPneg	2	5	valid	1.8826	1.4316	h2	f2	534.867	535.867	537.7496	538.3903	539.8219	540.8219	545.8579	534.8814	535.8686	537.751	538.3918	539.8234	540.8236	545.3596	4.536	0.64067
3	1	25	prosody	1	CNf2_12.wav	SPnegh4_12.wav	CN_SPneg	12	2	valid	2.3316	1.0407	f2	h4	545.8579	546.8579	549.1894	550.2993	551.34	552.34	557.1737	545.8742	546.8596	549.1908	550.3008	551.3415	552.3418	556.6754	4.3337	1.1099
3	1	25	prosody	1	CNf2_16.wav	SNnegf1_16.wav	CN_SNneg	16	2	valid	2.0988	0.68615	f2	f1	557.1737	558.1737	560.2725	561.7016	562.3877	563.3877	565.4249	557.19	558.1752	560.2738	561.7031	562.3891	563.3894	564.9265	1.5371	1.4291
3	1	25	prosody	1	CNf1_10.wav	SNnegf3_10.wav	CN_SNneg	10	2	valid	2.1186	0.93424	f1	f3	565.4249	566.4249	568.5435	569.2064	570.1407	571.1407	574.867	565.4414	566.4264	568.5449	569.2079	570.1421	571.1423	574.3686	3.2263	0.66293
3	1	25	prosody	1	CPh1_8.wav	SNposh4_8.wav	CP_SNpos	8	4	valid	1.4807	1.0156	h1	h4	574.867	575.867	577.3477	578.0366	579.0522	580.0522	581.8982	574.8833	575.8686	577.349	578.0381	579.0538	580.0538	581.3997	1.346	0.6889
3	1	25	prosody	1	CPf3_15.wav	SNposh4_15.wav	CP_SNpos	15	5	valid	1.5646	1.0357	f3	h4	581.8982	582.8982	584.4627	585.0443	586.0801	587.0801	589.3607	581.9147	582.8997	584.4641	585.0461	586.0815	587.0818	588.8624	1.7806	0.58162
3	1	25	prosody	1	CPh1_15.wav	SPposf3_15.wav	CP_SPpos	15	5	valid	1.4185	1.0623	h1	f3	589.3607	590.3607	591.7792	593.1573	594.2196	595.2196	597.7041	589.3766	590.3623	591.7805	593.1589	594.221	595.2213	597.2058	1.9845	1.3781
3	1	25	prosody	1	CNf1_11.wav	SNnegh4_11.wav	CN_SNneg	11	2	valid	2.1186	0.8346	f1	h4	597.7041	598.7041	600.8227	602.2303	603.0649	604.0649	607.8196	597.7205	598.7056	600.8241	602.232	603.0663	604.0667	607.3214	3.2548	1.4076
3	1	25	prosody	1	CNf4_8.wav	SPnegf2_8.wav	CN_SPneg	8	5	nonvalid	2.4726	0.92735	f4	f2	607.8196	608.8196	611.2923	612.5077	613.435	614.435	619.935	607.8355	608.8213	611.2937	612.5091	613.4364	614.4368	NaN	NaN	1.2154
3	1	25	prosody	1	CNh4_16.wav	SPnegf3_16.wav	CN_SPneg	16	3	directvalide	2.2909	0.92299	h4	f3	619.935	620.935	623.2259	624.3507	625.2737	626.2737	627.5181	619.9367	620.9367	623.2273	624.3523	625.2751	626.2752	627.0197	0.74446	1.1248
3	1	25	prosody	1	CNh3_1.wav	SPnegf3_1.wav	CN_SPneg	1	3	nonvalid	2.1412	1.1436	h3	f3	627.5181	628.5181	630.6593	631.8747	633.0183	634.0183	639.5183	627.5339	628.52	630.6615	631.8763	633.0196	634.02	NaN	NaN	1.2153
3	1	25	prosody	1	CNf4_9.wav	SPnegh2_9.wav	CN_SPneg	9	4	nonvalid	2.6368	1.0978	f4	h2	639.5183	640.5183	643.155	644.1762	645.274	646.274	651.774	639.5197	640.5199	643.1564	644.1784	645.2754	646.2755	NaN	NaN	1.0211
