subID	 genre	 age	 task	 run	 Context 	 Statement	 Condition_name	 Situation	 Evaluation_Score	 Validation_Type	 Time_Context	 Time_Statement	 Voice_Context	 Voice_Statement	 Time_Onset	 Time_Onset_Context	 Time_End_Context	 Time_Onset_Statement	 Time_End_Statement	 Onset_Evaluation	 End_Evaluation	 Real_Time_Onset	 Real_Time_Onset_Context	 Real_Time_End_Context	 Real_Time_Onset_Statement	 Real_Time_End_Statement	 Real_Time_Onset_Evaluation	 Real_Time_End_Evaluation	 RT	 Jitter
3	1	25	tom	4	CPf3_2.wav	SNposh1_2.wav	CP_SNpos	2	4	valid	1.923	1.0129	f3	h1	0	1	2.923	3.534	4.5468	5.5468	8.8532	0.004747	1.0014	2.9244	3.5355	4.5483	5.5486	8.3549	2.8063	0.61097
3	1	25	tom	4	CNh4_11.wav	SNnegh3_11.wav	CN_SNneg	11	1	valid	3.0043	0.85889	h4	h3	8.8532	9.8532	12.8575	13.9886	14.8475	15.8475	18.9018	8.8742	9.855	12.8588	13.9903	14.8488	15.8492	18.4036	2.5543	1.1311
3	1	25	tom	4	CNf2_1.wav	SNnegf4_1.wav	CN_SNneg	1	1	valid	2.315	1.3081	f2	f4	18.9018	19.9018	22.2168	23.2929	24.6011	25.6011	28.5269	18.9235	19.9035	22.2184	23.2947	24.6024	25.6026	28.0285	2.4259	1.0761
3	1	25	tom	4	CNh4_4.wav	SPnegf2_4.wav	CN_SPneg	4	4	valid	2.2869	1.2118	h4	f2	28.5269	29.5269	31.8139	32.6062	33.818	34.818	36.5958	28.5426	29.5287	31.8154	32.6081	33.8194	34.8198	36.0976	1.2778	0.79235
3	1	25	tom	4	CPf1_3.wav	SPposf3_3.wav	CP_SPpos	3	1	valid	1.7364	1.3758	f1	f3	36.5958	37.5958	39.3322	40.0502	41.426	42.426	44.5188	36.6121	37.5976	39.3337	40.0522	41.4276	42.4279	44.0206	1.5927	0.718
3	1	25	tom	4	CPf4_13.wav	SPposf1_13.wav	CP_SPpos	13	1	valid	2.0673	1.0322	f4	f1	44.5188	45.5188	47.5861	48.723	49.7552	50.7552	54.1596	44.5351	45.5206	47.5875	48.7245	49.7566	50.757	53.6614	2.9044	1.1368
3	1	25	tom	4	CNh1_16.wav	SPnegf4_16.wav	CN_SPneg	16	4	valid	1.5868	1.0157	h1	f4	54.1596	55.1596	56.7464	57.5277	58.5434	59.5434	61.4965	54.1768	55.1617	56.7478	57.5291	58.5448	59.5453	60.9984	1.4531	0.78135
3	1	25	tom	4	CNh3_9.wav	SPnegf4_9.wav	CN_SPneg	9	3	directvalide	2.246	1.5595	h3	f4	61.4965	62.4965	64.7426	65.9714	67.5309	68.5309	70.8618	61.5136	62.4984	64.7442	65.9732	67.5323	68.5328	70.3637	1.8309	1.2288
3	1	25	tom	4	CPf1_9.wav	SNposf2_9.wav	CP_SNpos	9	3	directvalide	1.917	1.2481	f1	f2	70.8618	71.8618	73.7788	74.2934	75.5415	76.5415	78.9229	70.8781	71.8637	73.7802	74.2953	75.5429	76.5434	78.4247	1.8814	0.51463
3	1	25	tom	4	CNf1_15.wav	SNnegh2_15.wav	CN_SNneg	15	1	valid	1.716	1.1873	f1	h2	78.9229	79.9229	81.6389	83.0863	84.2736	85.2736	87.1918	78.9399	79.9247	81.6403	83.0881	84.275	85.2754	86.6936	1.4182	1.4474
3	1	25	tom	4	CPf4_8.wav	SPposh3_8.wav	CP_SPpos	8	3	directvalide	1.7031	1.0323	f4	h3	87.1918	88.1918	89.895	90.5878	91.6201	92.6201	95.6708	87.2084	88.1937	89.8964	90.5896	91.6215	92.6219	95.1725	2.5507	0.69286
3	1	25	tom	4	CNh1_4.wav	SNnegf4_4.wav	CN_SNneg	4	1	valid	1.7749	1.6621	h1	f4	95.6708	96.6708	98.4457	99.5145	101.1766	102.1766	104.2489	95.6914	96.6726	98.4471	99.5161	101.178	102.1783	103.7506	1.5723	1.0688
3	1	25	tom	4	CNh2_14.wav	SPnegh1_14.wav	CN_SPneg	14	2	valid	1.8744	1.4469	h2	h1	104.2489	105.2489	107.1233	108.5989	110.0458	111.0458	114.5528	104.2652	105.2507	107.1247	108.6024	110.0472	111.0476	114.0547	3.007	1.4756
3	1	25	tom	4	CNh2_13.wav	SPnegf1_13.wav	CN_SPneg	13	3	directvalide	2.3461	0.8637	h2	f1	114.5528	115.5528	117.8989	119.1117	119.9754	120.9754	122.2644	114.569	115.5547	117.9003	119.1132	119.9776	120.9776	121.7665	0.78893	1.2128
3	1	25	tom	4	CPh2_3.wav	SNposh1_3.wav	CP_SNpos	3	4	valid	1.8591	1.0418	h2	h1	122.2644	123.2644	125.1235	125.6987	126.7405	127.7405	128.9151	122.2812	123.2663	125.1248	125.7004	126.742	127.7419	128.4165	0.67456	0.57524
3	1	25	tom	4	CNh3_7.wav	SNnegh1_7.wav	CN_SNneg	7	2	valid	2.2218	0.90426	h3	h1	128.9151	129.9151	132.1369	133.0983	134.0026	135.0026	136.755	128.9317	129.9169	132.1382	133.1002	134.004	135.0044	136.2568	1.2524	0.96144
3	1	25	tom	4	CNh1_5.wav	SPnegf1_5.wav	CN_SPneg	5	3	directvalide	2.0088	0.95098	h1	f1	136.755	137.755	139.7638	140.9304	141.8814	142.8814	146.3122	136.7711	137.7567	139.7651	140.9322	141.8829	142.8832	145.814	2.9308	1.1667
3	1	25	tom	4	CPh3_12.wav	SPposf1_12.wav	CP_SPpos	12	3	directvalide	1.9436	1.0322	h3	f1	146.3122	147.3122	149.2558	149.8352	150.8674	151.8674	154.1152	146.3318	147.314	149.2572	149.8369	150.8688	151.8689	153.6167	1.7478	0.57937
3	1	25	tom	4	CPf2_14.wav	SNposf3_14.wav	CP_SNpos	14	4	valid	2.4813	1.2307	f2	f3	154.1152	155.1152	157.5965	158.2039	159.4346	160.4346	161.8128	154.1312	155.1172	157.5979	158.2057	159.4361	160.4364	161.3147	0.87822	0.60745
3	1	25	tom	4	CNf2_2.wav	SPnegf1_2.wav	CN_SPneg	2	4	valid	1.969	1.4385	f2	f1	161.8128	162.8128	164.7819	166.2595	167.698	168.698	170.0808	161.8293	162.8146	164.7832	166.2613	167.6994	168.6999	169.5827	0.88281	1.4776
3	1	25	tom	4	CNf2_3.wav	SNnegf3_3.wav	CN_SNneg	3	1	valid	3.1465	1.3695	f2	f3	170.0808	171.0808	174.2273	174.7656	176.135	177.135	178.4598	170.0973	171.0826	174.2287	174.7669	176.1367	177.1369	177.9617	0.8248	0.53825
3	1	25	tom	4	CPh3_13.wav	SNposf3_13.wav	CP_SNpos	13	2	valid	1.7581	1.0618	h3	f3	178.4598	179.4598	181.218	181.8582	182.92	183.92	186.6979	178.4774	179.4618	181.2193	181.8597	182.9214	183.9219	186.1998	2.2779	0.64021
3	1	25	tom	4	CNf1_8.wav	SNnegf3_8.wav	CN_SNneg	8	1	valid	1.8561	0.94175	f1	f3	186.6979	187.6979	189.554	190.2329	191.1747	192.1747	193.5948	186.7146	187.6997	189.5554	190.2347	191.1761	192.1765	193.0966	0.92012	0.67896
3	1	25	tom	4	CPf2_15.wav	SPposh2_15.wav	CP_SPpos	15	2	valid	1.8626	0.90673	f2	h2	193.5948	194.5948	196.4574	197.6196	198.5263	199.5263	203.9459	193.611	194.5966	196.4589	197.6213	198.5277	199.5281	203.4476	3.9195	1.1622
3	1	25	tom	4	CNf2_8.wav	SPnegf4_8.wav	CN_SPneg	8	2	valid	2.4114	1.1029	f2	f4	203.9459	204.9459	207.3573	208.7913	209.8942	210.8942	212.172	203.9619	204.9477	207.3587	208.7925	209.8956	210.896	211.6738	0.77776	1.434
3	1	25	tom	4	CPh3_4.wav	SPposh2_4.wav	CP_SPpos	4	3	directvalide	2.3227	1.2645	h3	h2	212.172	213.172	215.4946	216.1669	217.4314	218.4314	220.989	212.1885	213.1738	215.4961	216.1686	217.4328	218.4331	220.4907	2.0576	0.67228
3	1	25	tom	4	CNf3_1.wav	SPnegf2_1.wav	CN_SPneg	1	4	valid	2.1499	1.0159	f3	f2	220.989	221.989	224.1389	224.9995	226.0153	227.0153	228.5997	221.0058	221.9907	224.1402	225.0012	226.0168	227.0172	228.1016	1.0844	0.86059
3	1	25	tom	4	CNh3_3.wav	SPnegf3_3.wav	CN_SPneg	3	4	valid	2.8388	1.4692	h3	f3	228.5997	229.5997	232.4385	233.6461	235.1153	236.1153	238.9062	228.6168	229.6015	232.4399	233.6479	235.1168	236.117	238.4079	2.2909	1.2076
3	1	25	tom	4	CPf3_16.wav	SNposf1_16.wav	CP_SNpos	16	5	valid	2.0749	0.74934	f3	f1	238.9062	239.9062	241.981	242.9238	243.6732	244.6732	247.2882	238.9229	239.9075	241.9824	242.9256	243.6746	244.6747	246.7897	2.115	0.94282
3	1	25	tom	4	CPf3_12.wav	SNposf1_12.wav	CP_SNpos	12	4	valid	1.8798	0.81823	f3	f1	247.2882	248.2882	250.1679	250.9313	251.7495	252.7495	254.1999	247.3046	248.29	250.1693	250.933	251.7509	252.7513	253.7017	0.95037	0.76336
3	1	25	tom	4	CNh3_6.wav	SNnegh2_6.wav	CN_SNneg	6	1	valid	2.4477	0.98805	h3	h2	254.1999	255.1999	257.6475	258.5802	259.5683	260.5683	262.185	254.2171	255.2015	257.6489	258.5817	259.5696	260.57	261.6867	1.1167	0.93269
3	1	25	tom	4	CPf2_6.wav	SPposh1_6.wav	CP_SPpos	6	1	valid	1.7704	0.91639	f2	h1	262.185	263.185	264.9554	266.1583	267.0747	268.0747	269.377	262.2054	263.1868	264.9569	266.16	267.0761	268.0766	268.8789	0.8023	1.2029
3	1	25	tom	4	CNf2_10.wav	SNnegh2_10.wav	CN_SNneg	10	2	valid	2.2019	0.95145	f2	h2	269.377	270.377	272.5789	273.2034	274.1549	275.1549	276.897	269.3925	270.3788	272.5802	273.2052	274.1563	275.1567	276.3988	1.2421	0.62458
3	1	25	tom	4	CNh3_11.wav	SPnegf1_11.wav	CN_SPneg	11	4	valid	2.3602	1.1135	h3	f1	276.897	277.897	280.2572	280.8696	281.9831	282.9831	284.8413	276.9134	277.8987	280.2586	280.8711	281.9845	282.9846	284.3428	1.3582	0.61242
3	1	25	tom	4	CPf1_8.wav	SNposf3_8.wav	CP_SNpos	8	4	valid	1.4084	0.9259	f1	f3	284.8413	285.8413	287.2497	288.1267	289.0526	290.0526	291.105	284.8582	285.8431	287.2512	288.1284	289.054	290.0543	290.6067	0.55243	0.87695
3	1	25	tom	4	CPf1_2.wav	SPposh3_2.wav	CP_SPpos	2	1	valid	1.8026	1.488	f1	h3	291.105	292.105	293.9076	294.6803	296.1682	297.1682	298.4652	291.1214	292.1069	293.909	294.6821	296.1696	297.1697	297.9667	0.79697	0.77265
3	1	25	tom	4	CNh4_16.wav	SNnegh2_16.wav	CN_SNneg	16	3	valid	2.2909	0.72782	h4	h2	298.4652	299.4652	301.7561	303.178	303.9058	304.9058	307.8381	298.4811	299.467	301.7575	303.1796	303.9072	304.9074	307.3397	2.4323	1.4219
3	1	25	tom	4	CPf3_5.wav	SNposf1_5.wav	CP_SNpos	5	4	valid	2.4425	0.98107	f3	f1	307.8381	308.8381	311.2807	312.4884	313.4695	314.4695	316.2668	307.8548	308.8395	311.2821	312.4902	313.4708	314.4713	315.7686	1.2973	1.2077
3	1	25	tom	4	CNh1_12.wav	SNnegf2_12.wav	CN_SNneg	12	4	valid	1.8513	0.83299	h1	f2	316.2668	317.2668	319.1181	320.4837	321.3167	322.3167	324.7669	316.2879	317.2685	319.1194	320.4855	321.3181	322.3185	324.2687	1.9501	1.3657
3	1	25	tom	4	CPh2_15.wav	SNposf4_15.wav	CP_SNpos	15	3	directvalide	1.6427	1.2773	h2	f4	324.7669	325.7669	327.4096	328.5425	329.8198	330.8198	332.0838	324.7863	325.7687	327.411	328.5444	329.8212	330.8216	331.5856	0.76401	1.1329
3	1	25	tom	4	CPf3_14.wav	SPposh3_14.wav	CP_SPpos	14	1	valid	2.2174	1.1129	f3	h3	332.0838	333.0838	335.3012	336.3053	337.4183	338.4183	339.7263	332.1002	333.0852	335.3027	336.3073	337.4196	338.4198	339.2278	0.80802	1.0041
3	1	25	tom	4	CNh4_2.wav	SNnegh1_2.wav	CN_SNneg	2	3	directvalide	2.2235	1.0563	h4	h1	339.7263	340.7263	342.9498	344.1536	345.2099	346.2099	348.9071	339.7419	340.7282	342.9512	344.1554	345.2112	346.2115	348.4087	2.1972	1.2038
3	1	25	tom	4	CPh1_11.wav	SPposh2_11.wav	CP_SPpos	11	3	directvalide	2.344	1.0002	h1	h2	348.9071	349.9071	352.2511	352.9978	353.9981	354.9981	356.9201	348.9238	349.9088	352.2525	352.9996	353.9995	354.9998	356.4219	1.4221	0.74668
3	1	25	tom	4	CPf4_9.wav	SPposh1_9.wav	CP_SPpos	9	1	valid	2.0725	0.8344	f4	h1	356.9201	357.9201	359.9926	361.4921	362.3265	363.3265	364.6972	356.9378	357.9217	359.9941	361.4945	362.328	363.3281	364.1988	0.87068	1.4996
3	1	25	tom	4	CPh3_7.wav	SPposh2_7.wav	CP_SPpos	7	1	valid	1.8993	1.0856	h3	h2	364.6972	365.6972	367.5965	368.5487	369.6343	370.6343	374.1052	364.7142	365.699	367.5978	368.5505	369.6358	370.6358	373.6067	2.9709	0.95221
3	1	25	tom	4	CNh4_6.wav	SPnegf4_6.wav	CN_SPneg	6	4	valid	2.9964	1.4518	h4	f4	374.1052	375.1052	378.1016	379.5838	381.0356	382.0356	383.182	374.1211	375.1069	378.103	379.5857	381.037	382.0373	382.6838	0.64642	1.4822
3	1	25	tom	4	CPf3_6.wav	SNposf4_6.wav	CP_SNpos	6	4	valid	2.457	1.185	f3	f4	383.182	384.182	386.639	387.9786	389.1636	390.1636	391.6972	383.1983	384.1838	386.6403	387.9801	389.1649	390.1651	391.1988	1.0337	1.3396
3	1	25	tom	4	CNf3_13.wav	SNnegh4_13.wav	CN_SNneg	13	1	valid	2.2212	1.086	f3	h4	391.6972	392.6972	394.9184	396.0126	397.0986	398.0986	399.4252	391.7128	392.6992	394.9198	396.0142	397.0999	398.1003	398.9268	0.82659	1.0942
3	1	25	tom	4	CNh1_5.wav	SNnegf3_5.wav	CN_SNneg	5	2	valid	2.0088	1.1299	h1	f3	399.4252	400.4252	402.4339	403.07	404.1998	405.1998	408.2811	399.4413	400.4269	402.4353	403.0718	404.2012	405.2016	407.7829	2.5813	0.63604
3	1	25	tom	4	CPh1_1.wav	SPposh3_1.wav	CP_SPpos	1	1	valid	1.6061	1.0081	h1	h3	408.2811	409.2811	410.8872	411.4917	412.4998	413.4998	415.5319	408.2976	409.2829	410.8886	411.4934	412.5012	413.5014	415.0335	1.5321	0.60447
3	1	25	tom	4	CNf4_14.wav	SNnegf3_14.wav	CN_SNneg	14	2	valid	2.3239	1.1576	f4	f3	415.5319	416.5319	418.8557	420.2453	421.4029	422.4029	423.6331	415.5502	416.5335	418.8572	420.2472	421.4043	422.4045	423.1347	0.73021	1.3896
3	1	25	tom	4	CPf1_11.wav	SNposh4_11.wav	CP_SNpos	11	2	nonvalid	2.5099	1.0106	f1	h4	423.6331	424.6331	427.143	427.7704	428.781	429.781	435.281	423.6489	424.6346	427.1443	427.7722	428.7824	429.7827	NaN	NaN	0.62743
3	1	25	tom	4	CPf4_1.wav	SNposh2_1.wav	CP_SNpos	1	5	valid	2.3239	1.0612	f4	h2	435.281	436.281	438.6048	439.2455	440.3067	441.3067	444.093	435.2826	436.2827	438.6062	439.2472	440.3082	441.3085	443.5947	2.2862	0.64067
3	1	25	tom	4	CPf1_7.wav	SNposh1_7.wav	CP_SNpos	7	5	valid	1.8508	0.97909	f1	h1	444.093	445.093	446.9438	448.0536	449.0327	450.0327	452.8862	444.109	445.0946	446.9451	448.0553	449.0341	450.0343	452.3878	2.3535	1.1099
3	1	25	tom	4	CNh4_15.wav	SPnegf2_15.wav	CN_SPneg	15	4	valid	2.4177	0.80399	h4	f2	452.8862	453.8862	456.3039	457.733	458.537	459.537	461.8693	452.9022	453.888	456.3054	457.7348	458.5384	459.5387	461.3709	1.8322	1.4291
3	1	25	tom	4	CPh3_4.wav	SNposh2_4.wav	CP_SNpos	4	2	valid	2.3227	1.4882	h3	h2	461.8693	462.8693	465.1919	465.8549	467.343	468.343	470.7781	461.8855	462.871	465.1934	465.8564	467.3444	468.3447	470.2798	1.9351	0.66293
3	1	25	tom	4	CNh2_9.wav	SNnegh3_9.wav	CN_SNneg	9	1	valid	2.521	1.1573	h2	h3	470.7781	471.7781	474.2991	474.988	476.1453	477.1453	478.6105	470.7946	471.7799	474.3004	474.9895	476.1467	477.1467	478.1119	0.9652	0.6889
3	1	25	tom	4	CNh1_7.wav	SPnegh2_7.wav	CN_SPneg	7	5	valid	2.101	1.1304	h1	h2	478.6105	479.6105	481.7114	482.293	483.4234	484.4234	486.1844	478.6275	479.6127	481.7128	482.2947	483.4248	484.4248	485.6859	1.261	0.58162
3	1	25	tom	4	CNh1_10.wav	SPnegf2_10.wav	CN_SPneg	10	4	valid	1.8328	0.86349	h1	f2	486.1844	487.1844	489.0172	490.3954	491.2588	492.2588	494.8823	486.2005	487.1861	489.0187	490.397	491.2608	492.2611	494.3846	2.1235	1.3781
3	1	25	tom	4	CPf1_10.wav	SNposf2_10.wav	CP_SNpos	10	4	valid	1.7244	0.85333	f1	f2	494.8823	495.8823	497.6067	499.0143	499.8676	500.8676	503.0771	494.8992	495.8839	497.6081	499.0159	499.869	500.8693	502.5788	1.7095	1.4076
3	1	25	tom	4	CPh3_16.wav	SPposh2_16.wav	CP_SPpos	16	4	valid	1.9799	0.73596	h3	h2	503.0771	504.0771	506.057	507.2724	508.0084	509.0084	513.991	503.0926	504.0789	506.0584	507.2741	508.0099	509.01	513.4927	4.4826	1.2154
3	1	25	tom	4	CNf2_12.wav	SPnegf4_12.wav	CN_SPneg	12	4	valid	2.3316	1.0055	f2	f4	513.991	514.991	517.3226	518.4474	519.4529	520.4529	524.6939	514.0078	514.9928	517.324	518.4489	519.4543	520.4547	524.1958	3.7411	1.1248
3	1	25	tom	4	CPh4_10.wav	SPposh2_10.wav	CP_SPpos	10	1	valid	2.1244	0.85794	h4	h2	524.6939	525.6939	527.8184	529.0337	529.8916	530.8916	532.2718	524.7096	525.6956	527.8197	529.0353	529.8931	530.8933	531.7735	0.88019	1.2153
3	1	25	tom	4	CPf2_5.wav	SPposh2_5.wav	CP_SPpos	5	2	valid	2.1539	0.8254	f2	h2	532.2718	533.2718	535.4257	536.4468	537.2722	538.2722	542.4362	532.2896	533.2734	535.4275	536.4486	537.2736	538.2738	541.9377	3.6639	1.0211
