subID	 genre	 age	 task	 run	 Context 	 Statement	 Condition_name	 Situation	 Evaluation_Score	 Validation_Type	 Time_Context	 Time_Statement	 Voice_Context	 Voice_Statement	 Time_Onset	 Time_Onset_Context	 Time_End_Context	 Time_Onset_Statement	 Time_End_Statement	 Onset_Evaluation	 End_Evaluation	 Real_Time_Onset	 Real_Time_Onset_Context	 Real_Time_End_Context	 Real_Time_Onset_Statement	 Real_Time_End_Statement	 Real_Time_Onset_Evaluation	 Real_Time_End_Evaluation	 RT	 Jitter
23	1	20	prosody	3	CNf1_1.wav	SNnegf2_1.wav	CN_SNneg	1	4	valid	1.9059	1.1305	f1	f2	0	1	2.9059	3.9879	5.1184	6.1184	7.9055	0.0025224	1.0017	2.9073	3.9894	5.1198	6.1201	7.4072	1.2871	1.082
23	1	20	prosody	3	CNf1_15.wav	SPnegh1_15.wav	CN_SPneg	15	1	valid	1.716	1.4035	f1	h1	7.9055	8.9055	10.6215	11.299	12.7025	13.7025	15.7614	7.9257	8.9073	10.6229	11.3007	12.7039	13.7042	15.2632	1.5589	0.67742
23	1	20	prosody	3	CPf2_7.wav	SNposf1_7.wav	CP_SNpos	7	5	valid	1.8314	1.1015	f2	f1	15.7614	16.7614	18.5928	19.9302	21.0316	22.0316	23.5586	15.7801	16.763	18.5941	19.9321	21.0329	22.0333	23.0603	1.027	1.3374
23	1	20	prosody	3	CNf3_10.wav	SPnegh3_10.wav	CN_SPneg	10	2	valid	2.1863	1	f3	h3	23.5586	24.5586	26.7449	27.709	28.709	29.709	32.0029	23.5743	24.5603	26.7469	27.7109	28.7104	29.7108	31.5047	1.7939	0.96416
23	1	20	prosody	3	CPh3_16.wav	SNposf1_16.wav	CP_SNpos	16	5	valid	1.9799	0.74934	h3	f1	32.0029	33.0029	34.9828	35.7797	36.529	37.529	39.2388	32.0253	33.0043	34.9842	35.7814	36.5304	37.5307	38.7405	1.2098	0.79686
23	1	20	prosody	3	CPh3_7.wav	SPposh2_7.wav	CP_SPpos	7	4	valid	1.8993	1.0856	h3	h2	39.2388	40.2388	42.1381	42.9181	44.0037	45.0037	47.2307	39.2546	40.2406	42.1394	42.9199	44.0052	45.0055	46.7324	1.7269	0.78007
23	1	20	prosody	3	CPf2_2.wav	SNposf1_2.wav	CP_SNpos	2	4	valid	1.6952	1.1556	f2	f1	47.2307	48.2307	49.9259	51.0506	52.2062	53.2062	54.4506	47.247	48.2324	49.9272	51.0524	52.2077	53.2084	53.9528	0.74436	1.1247
23	1	20	prosody	3	CNf3_16.wav	SPnegh2_16.wav	CN_SPneg	16	4	valid	1.8798	0.71562	f3	h2	54.4506	55.4506	57.3303	58.2106	58.9262	59.9262	63.5772	54.4699	55.4525	57.3317	58.2119	58.9275	59.9277	63.0787	3.151	0.88021
23	1	20	prosody	3	CPf3_4.wav	SNposf1_4.wav	CP_SNpos	4	4	valid	2.5889	1.3121	f3	f1	63.5772	64.5772	67.166	67.9803	69.2924	70.2924	74.3327	63.5947	64.5789	67.1674	67.982	69.2938	70.2941	73.8344	3.5404	0.81425
23	1	20	prosody	3	CPh1_14.wav	SNposf4_14.wav	CP_SNpos	14	2	valid	1.7412	1.4518	h1	f4	74.3327	75.3327	77.0739	77.7974	79.2491	80.2491	83.142	74.3618	75.3343	77.0753	77.799	79.2506	80.2508	82.6436	2.3928	0.72348
23	1	20	prosody	3	CNf3_7.wav	SPnegf2_7.wav	CN_SPneg	7	3	directvalide	2.3112	0.91574	f3	f2	83.142	84.142	86.4532	87.7926	88.7083	89.7083	90.9601	83.1575	84.1438	86.4546	87.7939	88.7097	89.7099	90.4617	0.75178	1.3394
23	1	20	prosody	3	CPh4_8.wav	SPposh1_8.wav	CP_SPpos	8	2	valid	1.7598	0.95016	h4	h1	90.9601	91.9601	93.7199	94.6938	95.644	96.644	99.394	90.9747	91.9615	93.7213	94.6956	95.6454	96.6456	98.8956	2.25	0.97397
23	1	20	prosody	3	CNf4_2.wav	SPnegh2_2.wav	CN_SPneg	2	3	directvalide	2.2478	1.4638	f4	h2	99.394	100.394	102.6418	104.1099	105.5737	106.5737	107.5769	99.4139	100.3957	102.6431	104.1114	105.575	106.5755	107.0787	0.50327	1.4681
23	1	20	prosody	3	CNf1_8.wav	SPnegf3_8.wav	CN_SPneg	8	3	directvalide	1.8561	0.96653	f1	f3	107.5769	108.5769	110.433	111.0967	112.0633	113.0633	113.9461	107.5952	108.5787	110.4344	111.0982	112.0646	113.0649	113.4477	0.38284	0.66373
23	1	20	prosody	3	CPf3_10.wav	SNposh2_10.wav	CP_SNpos	10	4	valid	1.7297	0.8376	f3	h2	113.9461	114.9461	116.6758	117.4572	118.2948	119.2948	120.689	113.9644	114.9478	116.6771	117.4588	118.2961	119.2964	120.1907	0.89422	0.78142
23	1	20	prosody	3	CPh3_12.wav	SNposf4_12.wav	CP_SNpos	12	4	valid	1.9436	1.0568	h3	f4	120.689	121.689	123.6326	124.601	125.6578	126.6578	128.8667	120.7045	121.6908	123.634	124.6025	125.6593	126.6595	128.3684	1.7089	0.96845
23	1	20	prosody	3	CNf3_3.wav	SNnegh4_3.wav	CN_SNneg	3	2	valid	2.8553	1.0357	f3	h4	128.8667	129.8667	132.7219	133.5027	134.5384	135.5384	137.2995	128.8851	129.8682	132.7233	133.5043	134.5398	135.5397	136.8008	1.261	0.78079
23	1	20	prosody	3	CPh1_3.wav	SPposf3_3.wav	CP_SPpos	3	3	valid	1.6592	1.3758	h1	f3	137.2995	138.2995	139.9586	141.4434	142.8192	143.8192	147.8632	137.3161	138.3011	139.96	141.4451	142.8206	143.8209	147.3649	3.544	1.4848
23	1	20	prosody	3	CPf3_8.wav	SNposh4_8.wav	CP_SNpos	8	4	valid	1.6434	1.0156	f3	h4	147.8632	148.8632	150.5066	151.5814	152.597	153.597	156.2079	147.8803	148.8648	150.508	151.583	152.5984	153.5987	155.7096	2.1109	1.0748
23	1	20	prosody	3	CNf4_13.wav	SNnegh3_13.wav	CN_SNneg	13	2	valid	2.5701	0.97181	f4	h3	156.2079	157.2079	159.7779	160.6026	161.5745	162.5745	166.2878	156.2248	157.2093	159.7794	160.6042	161.5758	162.5763	165.7896	3.2133	0.8247
23	1	20	prosody	3	CNf2_13.wav	SPnegf4_13.wav	CN_SPneg	13	3	directvalide	2.5844	0.99007	f2	f4	166.2878	167.2878	169.8722	170.6693	171.6593	172.6593	174.494	166.303	167.2893	169.8735	170.6709	171.6607	172.6611	173.9957	1.3346	0.79711
23	1	20	prosody	3	CPf4_9.wav	SPposf3_9.wav	CP_SPpos	9	3	directvalide	2.0725	1.3322	f4	f3	174.494	175.494	177.5664	178.9195	180.2517	181.2517	185.0221	174.5107	175.4955	177.5678	178.9212	180.2531	181.2532	184.5236	3.2704	1.353
23	1	20	prosody	3	CNh4_8.wav	SNnegf1_8.wav	CN_SNneg	8	2	valid	2.0463	0.94544	h4	f1	185.0221	186.0221	188.0684	189.2898	190.2352	191.2352	194.1988	185.038	186.0237	188.0698	189.2914	190.2366	191.2368	193.7004	2.4635	1.2213
23	1	20	prosody	3	CNh3_9.wav	SPnegh2_9.wav	CN_SPneg	9	1	valid	2.246	1.0978	h3	h2	194.1988	195.1988	197.4448	198.2758	199.3737	200.3737	203.5849	194.2147	195.2003	197.4469	198.2776	199.3751	200.3754	203.0866	2.7112	0.83105
23	1	20	prosody	3	CPf2_11.wav	SNposh3_11.wav	CP_SNpos	11	5	valid	2.5876	0.79438	f2	h3	203.5849	204.5849	207.1724	208.4521	209.2465	210.2465	212.7578	203.6044	204.5865	207.1738	208.4536	209.2478	210.2482	212.2596	2.0114	1.2796
23	1	20	prosody	3	CNf1_9.wav	SNnegh2_9.wav	CN_SNneg	9	3	directvalide	2.1994	1.2279	f1	h2	212.7578	213.7578	215.9572	217.3372	218.5651	219.5651	221.8131	212.7736	213.7596	215.9586	217.3387	218.5665	219.5667	221.3147	1.748	1.38
23	1	20	prosody	3	CPf3_5.wav	SNposh1_5.wav	CP_SNpos	5	4	valid	2.4425	0.9405	f3	h1	221.8131	222.8131	225.2556	226.0054	226.9459	227.9459	229.3511	221.8303	222.8148	225.257	226.0069	226.9473	227.9473	228.8526	0.90525	0.74977
23	1	20	prosody	3	CPf3_3.wav	SNposf1_3.wav	CP_SNpos	3	5	valid	1.8647	1.1496	f3	f1	229.3511	230.3511	232.2159	233.1374	234.287	235.287	238.5059	229.3674	230.3528	232.2173	233.139	234.2884	235.2887	238.0075	2.7189	0.92154
23	1	20	prosody	3	CPh3_1.wav	SPposf4_1.wav	CP_SPpos	1	4	valid	2.0823	1.1747	h3	f4	238.5059	239.5059	241.5882	242.7921	243.9669	244.9669	246.5202	238.5228	239.5077	241.5896	242.7938	243.9682	244.9684	246.0218	1.0534	1.2039
23	1	20	prosody	3	CNh3_14.wav	SNnegh4_14.wav	CN_SNneg	14	2	valid	1.8912	1.1815	h3	h4	246.5202	247.5202	249.4114	250.6125	251.7941	252.7941	256.536	246.5361	247.5219	249.4128	250.6141	251.7954	252.7957	256.0377	3.2419	1.2011
23	1	20	prosody	3	CNf2_12.wav	SPnegh4_12.wav	CN_SPneg	12	1	valid	2.3316	1.0407	f2	h4	256.536	257.536	259.8676	260.8997	261.9405	262.9405	265.954	256.5523	257.5374	259.8689	260.9013	261.9419	262.9422	265.4557	2.5135	1.0321
23	1	20	prosody	3	CNf2_4.wav	SNnegf1_4.wav	CN_SNneg	4	2	valid	2.0256	1.3121	f2	f1	265.954	266.954	268.9796	269.8163	271.1284	272.1284	273.5307	265.9727	266.9556	268.981	269.8179	271.1302	272.1305	273.0328	0.90225	0.83678
23	1	20	prosody	3	CNf4_7.wav	SNnegf1_7.wav	CN_SNneg	7	2	valid	2.546	1.1075	f4	f1	273.5307	274.5307	277.0767	277.7171	278.8246	279.8246	282.5181	273.5471	274.532	277.0781	277.7187	278.826	279.8261	282.0196	2.1935	0.64041
23	1	20	prosody	3	CPh2_13.wav	SNposf4_13.wav	CP_SNpos	13	4	nonvalid	1.8256	1.4005	h2	f4	282.5181	283.5181	285.3437	286.2074	287.6079	288.6079	294.1079	282.5344	283.5196	285.3451	286.2091	287.6093	288.6093	NaN	NaN	0.86373
23	1	20	prosody	3	CNf2_11.wav	SPnegh2_11.wav	CN_SPneg	11	3	directvalide	2.744	0.91893	f2	h2	294.1079	295.1079	297.8519	299.1454	300.0644	301.0644	303.9077	294.1095	295.1095	297.8533	299.1471	300.0658	301.066	303.4094	2.3434	1.2935
23	1	20	prosody	3	CPf1_12.wav	SPposf2_12.wav	CP_SPpos	12	4	valid	1.9637	0.82431	f1	f2	303.9077	304.9077	306.8715	308.2647	309.089	310.089	311.592	303.9242	304.9093	306.8728	308.2663	309.0904	310.0906	311.0936	1.003	1.3932
23	1	20	prosody	3	CPh3_6.wav	SNposh1_6.wav	CP_SNpos	6	4	valid	2.0128	0.92122	h3	h1	311.592	312.592	314.6047	315.1221	316.0433	317.0433	318.76	311.6073	312.5935	314.6061	315.1237	316.0446	317.0448	318.2615	1.2167	0.51732
23	1	20	prosody	3	CNh4_12.wav	SNnegh1_12.wav	CN_SNneg	12	4	valid	2.916	0.57395	h4	h1	318.76	319.76	322.676	323.5407	324.1147	325.1147	327.4031	318.7755	319.7616	322.6773	323.5423	324.1161	325.1163	326.9047	1.7884	0.86475
23	1	20	prosody	3	CNh1_4.wav	SPnegh4_4.wav	CN_SPneg	4	2	valid	1.7749	1.2419	h1	h4	327.4031	328.4031	330.178	330.9239	332.1658	333.1658	335.3388	327.4194	328.4047	330.1793	330.9256	332.1671	333.1674	334.8404	1.673	0.74593
23	1	20	prosody	3	CPh1_16.wav	SPposh4_16.wav	CP_SPpos	16	4	valid	1.7267	0.79941	h1	h4	335.3388	336.3388	338.0655	338.9071	339.7065	340.7065	342.6968	335.3545	336.3404	338.0668	338.9086	339.7078	340.7081	342.1984	1.4903	0.84161
23	1	20	prosody	3	CPh1_15.wav	SPposh4_15.wav	CP_SPpos	15	4	valid	1.4185	0.9251	h1	h4	342.6968	343.6968	345.1153	345.6648	346.5899	347.5899	349.3841	342.7121	343.6981	345.1166	345.6664	346.5913	347.5915	348.8856	1.2942	0.54956
23	1	20	prosody	3	CPf2_10.wav	SPposh3_10.wav	CP_SPpos	10	5	valid	2.1819	1.0605	f2	h3	349.3841	350.3841	352.566	353.8004	354.8609	355.8609	357.3872	349.4005	350.3857	352.5674	353.8018	354.8623	355.8624	356.8887	1.0263	1.2344
23	1	20	prosody	3	CNf2_5.wav	SPnegh1_5.wav	CN_SPneg	5	1	valid	2.315	1.254	f2	h1	357.3872	358.3872	360.7022	361.4206	362.6746	363.6746	365.4358	357.4037	358.3889	360.7035	361.4222	362.6759	363.6762	364.9374	1.2612	0.71842
23	1	20	prosody	3	CNf3_11.wav	SNnegh4_11.wav	CN_SNneg	11	2	valid	2.2024	0.8346	f3	h4	365.4358	366.4358	368.6382	369.5835	370.4181	371.4181	373.9112	365.4519	366.4374	368.6395	369.585	370.4195	371.4196	373.4128	1.9932	0.94529
23	1	20	prosody	3	CPf1_14.wav	SPposh3_14.wav	CP_SPpos	14	4	valid	1.9952	1.1129	f1	h3	373.9112	374.9112	376.9065	378.0101	379.123	380.123	382.4088	373.9273	374.9131	376.9078	378.0118	379.1244	380.1246	381.9104	1.7858	1.1036
23	1	20	prosody	3	CPh2_6.wav	SPposh4_6.wav	CP_SPpos	6	4	valid	2.1103	1.0307	h2	h4	382.4088	383.4088	385.5191	386.9156	387.9463	388.9463	391.4803	382.4242	383.4105	385.5206	386.9175	387.9476	388.9478	390.9818	2.034	1.3965
23	1	20	prosody	3	CNh1_3.wav	SPnegf1_3.wav	CN_SPneg	3	3	directvalide	2.4936	1.1315	h1	f1	391.4803	392.4803	394.9739	396.4149	397.5464	398.5464	400.189	391.4959	392.4819	394.9753	396.4164	397.5478	398.548	399.6906	1.1426	1.441
23	1	20	prosody	3	CNf2_14.wav	SPnegh1_14.wav	CN_SPneg	14	1	valid	2.2052	1.4469	f2	h1	400.189	401.189	403.3942	404.4805	405.9274	406.9274	409.0969	400.2048	401.1906	403.3954	404.482	405.9287	406.9291	408.5986	1.6695	1.0862
23	1	20	prosody	3	CPf4_13.wav	SPposf2_13.wav	CP_SPpos	13	4	valid	2.0673	0.83011	f4	f2	409.0969	410.0969	412.1643	413.3138	414.1439	415.1439	416.8531	409.1134	410.0985	412.1656	413.3154	414.1453	415.1454	416.3547	1.2092	1.1495
23	1	20	prosody	3	CNf2_5.wav	SNnegf4_5.wav	CN_SNneg	5	1	valid	2.315	1.2055	f2	f4	416.8531	417.8531	420.1681	421.3289	422.5344	423.5344	425.1371	416.8696	417.8548	420.1694	421.3304	422.5358	423.536	424.6387	1.1027	1.1608
23	1	20	prosody	3	CNh1_16.wav	SNnegh3_16.wav	CN_SNneg	16	2	valid	1.5868	0.80245	h1	h3	425.1371	426.1371	427.7239	428.8885	429.6909	430.6909	432.1421	425.1537	426.1388	427.7252	428.8901	429.6923	430.6926	431.6437	0.95111	1.1646
23	1	20	prosody	3	CPh1_15.wav	SNposh2_15.wav	CP_SNpos	15	4	valid	1.4185	1.0505	h1	h2	432.1421	433.1421	434.5606	435.8826	436.9331	437.9331	439.741	432.1585	433.1435	434.562	435.8842	436.9344	437.9348	439.2426	1.3079	1.3221
23	1	20	prosody	3	CPf3_4.wav	SPposh4_4.wav	CP_SPpos	4	4	valid	2.5889	1.2217	f3	h4	439.741	440.741	443.3298	444.3021	445.5239	446.5239	447.725	439.7574	440.7426	443.3315	444.3036	445.5252	446.5255	447.2266	0.70116	0.97228
23	1	20	prosody	3	CPf2_11.wav	SPposh3_11.wav	CP_SPpos	11	5	valid	2.5876	1.246	f2	h3	447.725	448.725	451.3126	452.115	453.361	454.361	456.8677	447.742	448.7266	451.3138	452.1167	453.3624	454.3627	456.3694	2.0066	0.80247
23	1	20	prosody	3	CNh2_2.wav	SNnegf2_2.wav	CN_SNneg	2	4	valid	1.8826	1.171	h2	f2	456.8677	457.8677	459.7503	460.9834	462.1544	463.1544	465.3321	456.8844	457.8692	459.7516	460.9848	462.1557	463.1559	464.8337	1.6777	1.2332
23	1	20	prosody	3	CPh2_2.wav	SPposh3_2.wav	CP_SPpos	2	4	valid	1.663	1.488	h2	h3	465.3321	466.3321	467.9951	469.0218	470.5098	471.5098	475.2073	465.348	466.3338	467.9969	469.0234	470.5112	471.5113	474.7088	3.1975	1.0267
23	1	20	prosody	3	CNh2_6.wav	SPnegh1_6.wav	CN_SPneg	6	2	valid	2.4152	1.553	h2	h1	475.2073	476.2073	478.6225	479.1235	480.6766	481.6766	482.9481	475.2233	476.2087	478.6239	479.1251	480.6779	481.6781	482.4496	0.77149	0.50102
23	1	20	prosody	3	CNh3_6.wav	SNnegf4_6.wav	CN_SNneg	6	1	valid	2.4477	1.0978	h3	f4	482.9481	483.9481	486.3957	487.0886	488.1864	489.1864	490.7814	482.9647	483.9496	486.3971	487.0902	488.1878	489.1879	490.2828	1.095	0.69289
23	1	20	prosody	3	CPf3_5.wav	SPposh3_5.wav	CP_SPpos	5	2	valid	2.4425	1.0121	f3	h3	490.7814	491.7814	494.2239	495.6246	496.6367	497.6367	499.7409	490.7976	491.7829	494.2253	495.6261	496.6381	497.6384	499.2426	1.6041	1.4007
23	1	20	prosody	3	CNh3_1.wav	SPnegf4_1.wav	CN_SPneg	1	3	directvalide	2.1412	1.1029	h3	f4	499.7409	500.7409	502.8821	504.0469	505.1498	506.1498	509.1513	499.7565	500.7424	502.8834	504.0483	505.1512	506.1512	508.6527	2.5015	1.1648
23	1	20	prosody	3	CNf3_15.wav	SNnegh3_15.wav	CN_SNneg	15	1	valid	2.2024	1.0162	f3	h3	509.1513	510.1513	512.3537	513.1263	514.1424	515.1424	518.2799	509.1679	510.1529	512.3548	513.1277	514.1438	515.144	517.7814	2.6374	0.77258
23	1	20	prosody	3	CPh3_1.wav	SNposh1_1.wav	CP_SNpos	1	4	valid	2.0823	0.97426	h3	h1	518.2799	519.2799	521.3622	522.5259	523.5001	524.5001	526.3141	518.2956	519.2814	521.3635	522.5275	523.5015	524.5018	525.8157	1.314	1.1637
23	1	20	prosody	3	CPf1_9.wav	SNposh3_9.wav	CP_SNpos	9	5	valid	1.917	1.121	f1	h3	526.3141	527.3141	529.2311	530.4216	531.5426	532.5426	535.7691	526.3289	527.3158	529.2325	530.423	531.5439	532.5442	535.2707	2.7265	1.1905
23	1	20	prosody	3	CNh3_10.wav	SNnegf2_10.wav	CN_SNneg	10	4	valid	2.0823	0.90413	h3	f2	535.7691	536.7691	538.8514	539.6973	540.6014	541.6014	543.037	535.7872	536.7708	538.8528	539.6987	540.6029	541.603	542.5387	0.93566	0.84582
