subID	 genre	 age	 task	 run	 Context 	 Statement	 Condition_name	 Situation	 Evaluation_Score	 Validation_Type	 Time_Context	 Time_Statement	 Voice_Context	 Voice_Statement	 Time_Onset	 Time_Onset_Context	 Time_End_Context	 Time_Onset_Statement	 Time_End_Statement	 Onset_Evaluation	 End_Evaluation	 Real_Time_Onset	 Real_Time_Onset_Context	 Real_Time_End_Context	 Real_Time_Onset_Statement	 Real_Time_End_Statement	 Real_Time_Onset_Evaluation	 Real_Time_End_Evaluation	 RT	 Jitter
17	2	24	irony	1	CNh1_6.wav	SPnegh2_6.wav	CN_SPneg	6	4	valid	2.0758	1.1182	h1	h2	0	1	3.0758	3.6426	4.7607	5.7607	7.9091	0.015372	1.0018	3.0772	3.6439	4.7622	5.7622	7.4105	1.6483	0.56676
17	2	24	irony	1	CNf1_15.wav	SPnegh2_15.wav	CN_SPneg	15	5	valid	1.716	0.87828	f1	h2	7.9091	8.9091	10.6251	11.1692	12.0475	13.0475	14.7252	7.9398	8.9109	10.6266	11.1706	12.0488	13.0488	14.2265	1.1777	0.54406
17	2	24	irony	1	CPf3_13.wav	SNposf2_13.wav	CP_SNpos	13	4	valid	1.7859	1.0318	f3	f2	14.7252	15.7252	17.5111	18.9964	20.0282	21.0282	22.7938	14.7443	15.7268	17.5125	18.998	20.0296	21.0298	22.2954	1.2655	1.4853
17	2	24	irony	1	CPf3_5.wav	SPposf2_5.wav	CP_SPpos	5	1	valid	2.4425	0.89397	f3	f2	22.7938	23.7938	26.2363	27.099	27.993	28.993	31.5035	22.8129	23.7955	26.2376	27.1007	27.9943	28.9945	31.005	2.0105	0.86271
17	2	24	irony	1	CNf3_16.wav	SPnegf1_16.wav	CN_SPneg	16	5	valid	1.8798	0.87574	f3	f1	31.5035	32.5035	34.3832	35.6152	36.491	37.491	38.9358	31.5302	32.505	34.3848	35.6165	36.4924	37.4926	38.4374	0.9448	1.232
17	2	24	irony	1	CPh2_10.wav	SPposf2_10.wav	CP_SPpos	10	1	valid	1.7423	0.87946	h2	f2	38.9358	39.9358	41.6781	43.1049	43.9843	44.9843	46.8052	38.9614	39.9373	41.6795	43.1064	43.9857	44.986	46.3068	1.3208	1.4268
17	2	24	irony	1	CPf1_5.wav	SNposh1_5.wav	CP_SNpos	5	4	valid	2.1397	0.9405	f1	h1	46.8052	47.8052	49.9449	51.3351	52.2756	53.2756	55.0191	46.8207	47.8068	49.9462	51.3367	52.277	53.2772	54.5207	1.2435	1.3902
17	2	24	irony	1	CNf1_2.wav	SNnegf2_2.wav	CN_SNneg	2	3	directvalide	1.6943	1.171	f1	f2	55.0191	56.0191	57.7134	59.1723	60.3433	61.3433	63.6917	55.036	56.0206	57.7147	59.1738	60.3447	61.3449	63.1933	1.8484	1.4589
17	2	24	irony	1	CPh2_15.wav	SPposf4_15.wav	CP_SPpos	15	1	valid	1.6427	1.1029	h2	f4	63.6917	64.6917	66.3344	67.6303	68.7333	69.7333	72.2507	63.7074	64.6932	66.3358	67.6319	68.7347	69.7349	71.7523	2.0175	1.296
17	2	24	irony	1	CPf1_16.wav	SNposf4_16.wav	CP_SNpos	16	2	valid	1.7906	0.85156	f1	f4	72.2507	73.2507	75.0413	76.4148	77.2664	78.2664	81.6161	72.2664	73.2523	75.0427	76.4164	77.2678	78.2678	81.1176	2.8498	1.3734
17	2	24	irony	1	CPf3_11.wav	SNposf1_11.wav	CP_SNpos	11	3	directvalide	2.5626	0.89079	f3	f1	81.6161	82.6161	85.1787	85.8124	86.7032	87.7032	89.468	81.6311	82.6177	85.1801	85.8139	86.7046	87.7047	88.9695	1.2648	0.63369
17	2	24	irony	1	CNh3_10.wav	SNnegf4_10.wav	CN_SNneg	10	1	valid	2.0823	0.9285	h3	f4	89.468	90.468	92.5503	93.1684	94.0969	95.0969	97.5817	89.4838	90.4695	92.5521	93.1699	94.0983	95.0986	97.0835	1.9848	0.61808
17	2	24	irony	1	CPh1_16.wav	SPposf2_16.wav	CP_SPpos	16	2	valid	1.7267	0.70095	h1	f2	97.5817	98.5817	100.3084	101.7814	102.4823	103.4823	106.0829	97.5967	98.5832	100.3098	101.7829	102.4837	103.4837	105.5843	2.1006	1.473
17	2	24	irony	1	CNf3_1.wav	SPnegf1_1.wav	CN_SPneg	1	4	valid	2.1499	1.1857	f3	f1	106.0829	107.0829	109.2328	109.8042	110.9899	111.9899	114.4991	106.0975	107.0845	109.2342	109.8056	110.9913	111.9914	114.0006	2.0092	0.57138
17	2	24	irony	1	CNf4_3.wav	SNnegf3_3.wav	CN_SNneg	3	1	valid	3.3344	1.3695	f4	f3	114.4991	115.4991	118.8336	120.1378	121.5072	122.5072	124.6768	114.5133	115.5004	118.8354	120.1394	121.5086	122.5089	124.1784	1.6695	1.3042
17	2	24	irony	1	CNf4_13.wav	SNnegh4_13.wav	CN_SNneg	13	2	valid	2.5701	1.086	f4	h4	124.6768	125.6768	128.2469	129.0351	130.121	131.121	132.6758	124.6917	125.6783	128.2482	129.0365	130.1224	131.1227	132.1774	1.0547	0.78821
17	2	24	irony	1	CNh2_2.wav	SPnegf1_2.wav	CN_SPneg	2	2	valid	1.8826	1.4385	h2	f1	132.6758	133.6758	135.5584	136.8203	138.2588	139.2588	141.1121	132.6908	133.6773	135.5598	136.8218	138.2602	139.2603	140.6135	1.3532	1.2619
17	2	24	irony	1	CPf1_15.wav	SNposh2_15.wav	CP_SNpos	15	4	valid	1.4716	1.0505	f1	h2	141.1121	142.1121	143.5837	144.3905	145.441	146.441	148.5677	141.127	142.1136	143.5852	144.3921	145.4424	146.4427	148.0694	1.6267	0.80687
17	2	24	irony	1	CPf4_3.wav	SPposh2_3.wav	CP_SPpos	3	3	valid	2.1392	1.0816	f4	h2	148.5677	149.5677	151.7069	152.7351	153.8167	154.8167	157.8023	148.582	149.5691	151.7083	152.7367	153.8185	154.8187	157.3043	2.4856	1.0282
17	2	24	irony	1	CPf1_11.wav	SPposf3_11.wav	CP_SPpos	11	1	valid	2.5099	1.0101	f1	f3	157.8023	158.8023	161.3121	162.5087	163.5187	164.5187	166.8619	157.8178	158.8038	161.3135	162.5103	163.5201	164.5203	166.3635	1.8432	1.1965
17	2	24	irony	1	CPh3_2.wav	SNposh2_2.wav	CP_SNpos	2	4	valid	1.9234	1.1751	h3	h2	166.8619	167.8619	169.7854	170.7419	171.917	172.917	174.5418	166.8776	167.8634	169.7868	170.7436	171.9185	172.9187	174.0434	1.1247	0.95656
17	2	24	irony	1	CNf4_8.wav	SNnegf3_8.wav	CN_SNneg	8	2	valid	2.4726	0.94175	f4	f3	174.5418	175.5418	178.0144	179.2709	180.2127	181.2127	182.9617	174.5583	175.5432	178.0158	179.2725	180.2141	181.2142	182.4631	1.249	1.2566
17	2	24	irony	1	CNf2_11.wav	SNnegh2_11.wav	CN_SNneg	11	2	valid	2.744	0.85794	f2	h2	182.9617	183.9617	186.7057	187.4484	188.3063	189.3063	191.1173	182.9766	183.9633	186.707	187.4499	188.3077	189.3079	190.6189	1.311	0.74269
17	2	24	irony	1	CNf3_6.wav	SNnegf1_6.wav	CN_SNneg	6	2	valid	2.4988	1.1616	f3	f1	191.1173	192.1173	194.6161	195.1412	196.3028	197.3028	199.2347	191.1316	192.1188	194.6176	195.1429	196.3042	197.3044	198.7363	1.4319	0.52506
17	2	24	irony	1	CPf1_14.wav	SPposh2_14.wav	CP_SPpos	14	4	valid	1.9952	0.98805	f1	h2	199.2347	200.2347	202.23	203.0089	203.9969	204.9969	206.7697	199.2493	200.2363	202.2314	203.0104	203.9983	204.9986	206.2713	1.2728	0.77894
17	2	24	irony	1	CNf3_1.wav	SNnegf1_1.wav	CN_SNneg	1	2	valid	2.1499	1.3081	f3	f1	206.7697	207.7697	209.9196	210.9046	212.2127	213.2127	214.3927	206.7855	207.7712	209.9211	210.9061	212.2141	213.2142	213.8942	0.68005	0.98498
17	2	24	irony	1	CNf1_5.wav	SPnegf4_5.wav	CN_SPneg	5	4	valid	1.9802	1.1234	f1	f4	214.3927	215.3927	217.3729	218.6008	219.7242	220.7242	223.2828	214.4074	215.3943	217.3743	218.6022	219.7256	220.7257	222.7843	2.0586	1.2278
17	2	24	irony	1	CNf2_12.wav	SPnegh4_12.wav	CN_SPneg	12	3	directvalide	2.3316	1.0407	f2	h4	223.2828	224.2828	226.6144	228.08	229.1208	230.1208	233.3102	223.2978	224.2843	226.6157	228.0815	229.1222	230.1225	232.8119	2.6894	1.4657
17	2	24	irony	1	CPf1_8.wav	SPposh4_8.wav	CP_SPpos	8	4	valid	1.4084	0.9251	f1	h4	233.3102	234.3102	235.7186	236.3469	237.272	238.272	241.0194	233.3263	234.3117	235.7201	236.3483	237.2733	238.2735	240.521	2.2474	0.62827
17	2	24	irony	1	CNh3_12.wav	SNnegf1_12.wav	CN_SNneg	12	2	valid	2.1734	0.76739	h3	f1	241.0194	242.0194	244.1929	245.604	246.3714	247.3714	248.4271	241.0344	242.0209	244.1943	245.6055	246.3728	247.3726	247.9283	0.55567	1.4112
17	2	24	irony	1	CNh3_4.wav	SPnegh2_4.wav	CN_SPneg	4	4	valid	1.7662	1.3093	h3	h2	248.4271	249.4271	251.1933	252.0434	253.3527	254.3527	256.6819	248.4416	249.4287	251.1947	252.045	253.354	254.3542	256.1834	1.8292	0.85008
17	2	24	irony	1	CNh3_14.wav	SPnegh4_14.wav	CN_SPneg	14	3	directvalide	1.8912	1.1765	h3	h4	256.6819	257.6819	259.573	260.8629	262.0394	263.0394	265.5705	256.6969	257.6833	259.5744	260.8643	262.0407	263.041	265.0722	2.0311	1.2898
17	2	24	irony	1	CPh2_9.wav	SPposh1_9.wav	CP_SPpos	9	2	valid	1.9802	0.8344	h2	h1	265.5705	266.5705	268.5506	269.2148	270.0492	271.0492	272.7446	265.5859	266.572	268.552	269.2165	270.0505	271.0508	272.2462	1.1954	0.66412
17	2	24	irony	1	CNh2_3.wav	SPnegf4_3.wav	CN_SPneg	3	5	valid	2.7649	1.5031	h2	f4	272.7446	273.7446	276.5095	277.3733	278.8764	279.8764	281.9765	272.7613	273.746	276.5109	277.3748	278.8778	279.8779	281.4781	1.6002	0.8638
17	2	24	irony	1	CNf2_15.wav	SNnegh2_15.wav	CN_SNneg	15	1	valid	2.1254	1.1873	f2	h2	281.9765	282.9765	285.1019	286.3115	287.4988	288.4988	290.1525	281.9921	282.9781	285.1033	286.3129	287.5002	288.5005	289.6542	1.1537	1.2096
17	2	24	irony	1	CPh4_13.wav	SPposh2_13.wav	CP_SPpos	13	2	valid	2.061	0.88234	h4	h2	290.1525	291.1525	293.2135	294.518	295.4003	296.4003	298.6766	290.1687	291.1541	293.2149	294.5196	295.4017	296.4019	298.1781	1.7762	1.3045
17	2	24	irony	1	CNf4_9.wav	SPnegf1_9.wav	CN_SPneg	9	4	valid	2.6368	1.3602	f4	f1	298.6766	299.6766	302.3133	303.6405	305.0007	306.0007	308.1197	298.6918	299.678	302.3147	303.642	305.002	306.0022	307.6212	1.619	1.3271
17	2	24	irony	1	CNf2_8.wav	SPnegf3_8.wav	CN_SPneg	8	2	valid	2.4114	0.96653	f2	f3	308.1197	309.1197	311.5312	312.9252	313.8917	314.8917	317.1767	308.1351	309.1212	311.5325	312.9267	313.8931	314.8932	316.6782	1.785	1.394
17	2	24	irony	1	CNh1_9.wav	SNnegh4_9.wav	CN_SNneg	9	2	valid	2.0758	1.2067	h1	h4	317.1767	318.1767	320.2525	320.9993	322.206	323.206	325.5901	317.1919	318.1782	320.2539	321.001	322.2073	323.2078	325.0919	1.8842	0.74678
17	2	24	irony	1	CPh1_6.wav	SPposh4_6.wav	CP_SPpos	6	4	valid	1.8135	1.0307	h1	h4	325.5901	326.5901	328.4036	328.9102	329.9408	330.9408	332.5978	325.6059	326.5917	328.405	328.9117	329.9422	330.9423	332.0993	1.157	0.50654
17	2	24	irony	1	CNh4_10.wav	SPnegh2_10.wav	CN_SPneg	10	4	valid	2.1066	0.92705	h4	h2	332.5978	333.5978	335.7044	337.0898	338.0169	339.0169	341.1776	332.6125	333.5993	335.7058	337.0913	338.0182	339.0184	340.6791	1.6607	1.3854
17	2	24	irony	1	CPf4_8.wav	SNposf2_8.wav	CP_SNpos	8	2	valid	1.7031	0.85624	f4	f2	341.1776	342.1776	343.8807	344.6443	345.5006	346.5006	348.8896	341.1927	342.1791	343.882	344.6458	345.502	346.5021	348.3912	1.8891	0.76363
17	2	24	irony	1	CPh2_1.wav	SNposf4_1.wav	CP_SNpos	1	2	valid	2.1184	1.2466	h2	f4	348.8896	349.8896	352.008	352.9558	354.2024	355.2024	358.0376	348.9046	349.8911	352.0094	352.9572	354.2039	355.2039	357.5391	2.3352	0.94774
17	2	24	irony	1	CNh1_5.wav	SNnegh2_5.wav	CN_SNneg	5	2	valid	2.0088	0.94333	h1	h2	358.0376	359.0376	361.0463	362.4612	363.4045	364.4045	365.9105	358.0515	359.0391	361.0477	362.4626	363.4059	364.406	365.412	1.006	1.4148
17	2	24	irony	1	CPf3_4.wav	SPposh1_4.wav	CP_SPpos	4	4	valid	2.5889	1.1286	f3	h1	365.9105	366.9105	369.4994	370.2039	371.3325	372.3325	374.5105	365.925	366.9121	369.5015	370.2054	371.3339	372.334	374.012	1.678	0.70452
17	2	24	irony	1	CPf2_7.wav	SNposf3_7.wav	CP_SNpos	7	2	valid	1.8314	1.2103	f2	f3	374.5105	375.5105	377.3418	377.8708	379.0811	380.0811	381.7987	374.5263	375.5119	377.3432	377.8721	379.0825	380.0826	381.3002	1.2176	0.52897
17	2	24	irony	1	CNf4_14.wav	SNnegf2_14.wav	CN_SNneg	14	2	valid	2.3239	0.93896	f4	f2	381.7987	382.7987	385.1226	385.6991	386.638	387.638	389.5712	381.814	382.8006	385.1239	385.7007	386.6394	387.6396	389.0727	1.4331	0.57652
17	2	24	irony	1	CPh3_4.wav	SNposh4_4.wav	CP_SNpos	4	3	directvalide	2.3227	1.2368	h3	h4	389.5712	390.5712	392.8938	393.4217	394.6585	395.6585	397.6824	389.5857	390.5726	392.8952	393.4231	394.6599	395.6601	397.184	1.5239	0.52787
17	2	24	irony	1	CNh3_11.wav	SPnegh1_11.wav	CN_SPneg	11	5	valid	2.3602	1.4469	h3	h1	397.6824	398.6824	401.0426	401.9358	403.3827	404.3827	405.9859	397.6981	398.684	401.0442	401.9373	403.3847	404.3848	405.488	1.1032	0.89316
17	2	24	irony	1	CNf4_16.wav	SNnegh2_16.wav	CN_SNneg	16	2	valid	2.1648	0.72782	f4	h2	405.9859	406.9859	409.1508	410.4065	411.1343	412.1343	413.5722	406.0019	406.9876	409.1522	410.408	411.1357	412.1358	413.0737	0.93787	1.2558
17	2	24	irony	1	CPf2_2.wav	SPposh4_2.wav	CP_SPpos	2	3	directvalide	1.6952	1.4027	f2	h4	413.5722	414.5722	416.2674	417.1001	418.5028	419.5028	421.5175	413.5869	414.5737	416.2687	417.1017	418.5043	419.5043	421.019	1.5146	0.83272
17	2	24	irony	1	CPh1_7.wav	SPposh4_7.wav	CP_SPpos	7	1	valid	1.7797	1.0357	h1	h4	421.5175	422.5175	424.2972	424.9407	425.9764	426.9764	428.7074	421.5334	422.519	424.2986	424.9422	425.9778	426.9779	428.2089	1.231	0.6435
17	2	24	irony	1	CPf3_9.wav	SNposf4_9.wav	CP_SNpos	9	2	valid	2.1912	1.6313	f3	f4	428.7074	429.7074	431.8986	432.584	434.2154	435.2154	437.4611	428.7219	429.709	431.9	432.5855	434.2167	435.2169	436.9626	1.7457	0.68546
17	2	24	irony	1	CPf2_6.wav	SNposh1_6.wav	CP_SNpos	6	3	directvalide	1.7704	0.92122	f2	h1	437.4611	438.4611	440.2315	441.638	442.5592	443.5592	446.2144	437.4771	438.4624	440.2329	441.6394	442.5607	443.5607	445.7159	2.1552	1.4065
17	2	24	irony	1	CPh4_12.wav	SNposf2_12.wav	CP_SNpos	12	4	valid	2.3305	0.89977	h4	f2	446.2144	447.2144	449.5449	450.7165	451.6162	452.6162	454.6853	446.2304	447.2158	449.5463	450.718	451.6179	452.618	454.1871	1.569	1.1715
17	2	24	irony	1	CNh1_7.wav	SPnegf1_7.wav	CN_SPneg	7	2	valid	2.101	1.1315	h1	f1	454.6853	455.6853	457.7862	458.6272	459.7587	460.7587	462.9923	454.7	455.6867	457.7876	458.6287	459.7601	460.7603	462.4939	1.7337	0.84095
17	2	24	irony	1	CNh3_4.wav	SNnegf3_4.wav	CN_SNneg	4	1	valid	1.7662	1.3582	h3	f3	462.9923	463.9923	465.7585	467.0183	468.3766	469.3766	470.6443	463.0074	463.9938	465.7599	467.0198	468.3779	469.3781	470.1458	0.76773	1.2598
17	2	24	irony	1	CPf2_12.wav	SPposf3_12.wav	CP_SPpos	12	2	valid	1.8493	0.87946	f2	f3	470.6443	471.6443	473.4936	474.8437	475.7232	476.7232	478.9802	470.659	471.6458	473.4949	474.8451	475.7245	476.7247	478.4817	1.7571	1.3502
17	2	24	irony	1	CNf4_7.wav	SNnegh4_7.wav	CN_SNneg	7	2	valid	2.546	1.1715	f4	h4	478.9802	479.9802	482.5263	483.657	484.8284	485.8284	488.6862	478.994	479.9818	482.5277	483.6584	484.8298	485.8299	488.1877	2.3578	1.1307
17	2	24	irony	1	CPf2_1.wav	SPposh1_1.wav	CP_SPpos	1	1	valid	2.2717	0.88263	f2	h1	488.6862	489.6862	491.958	492.9917	493.8743	494.8743	496.5503	488.7014	489.6877	491.9594	492.9932	493.8756	494.8758	496.0517	1.1759	1.0337
17	2	24	irony	1	CPf1_3.wav	SNposh4_3.wav	CP_SNpos	3	2	valid	1.7364	1.1212	f1	h4	496.5503	497.5503	499.2867	500.5991	501.7203	502.7203	505.2526	496.5645	497.5519	499.288	500.6013	501.7217	502.7217	504.7541	2.0323	1.3124
17	2	24	irony	1	CNf4_13.wav	SPnegf3_13.wav	CN_SPneg	13	3	directvalide	2.5701	0.94912	f4	f3	505.2526	506.2526	508.8227	509.6521	510.6013	511.6013	512.8733	505.274	506.2539	508.8241	509.6537	510.6027	511.6026	512.3747	0.77205	0.82942
17	2	24	irony	1	CPh4_10.wav	SNposf1_10.wav	CP_SNpos	10	4	valid	2.1244	0.85769	h4	f1	512.8733	513.8733	515.9977	517.4289	518.2866	519.2866	521.3654	512.8881	513.875	515.9991	517.4303	518.2879	519.288	520.8668	1.5788	1.4311
17	2	24	irony	1	CPf2_14.wav	SNposf1_14.wav	CP_SNpos	14	4	valid	2.4813	1.0894	f2	f1	521.3654	522.3654	524.8466	525.79	526.8794	527.8794	530.7771	521.3805	522.3669	524.8481	525.7915	526.8808	527.8809	530.2786	2.3977	0.94336
