subID	 genre	 age	 group	 task	 run	 Context 	 Statement	 Condition_name	 Situation	 Condition_code	 Evaluation_Score	 Validation_Type	 Evaluation_Score_2	 Validation_Type_2	 Time_Context	 Time_Statement	 Voice_Context	 Voice_Statement	 Time_Onset	 Time_Onset_Context	 Time_End_Context	 Time_Onset_Statement	 Time_End_Statement	 Onset_Evaluation	 End_Evaluation	 Onset_Evaluation2	 End_Evaluation2	 Real_Time_Onset	 Real_Time_Onset_Context	 Real_Time_End_Context	 Real_Time_Onset_Statement	 Real_Time_End_Statement	 Real_Time_Onset_Evaluation	 Real_Time_End_Evaluation	 RT	 Real_Time_Onset_Evaluation2	 Time_End_Evaluation2	 RT2
1	2	24	2	sarcasm	3	CNh1_16.wav	SNnegf4_16.wav	CN_SNneg	16	1	1	valid	1	valid	1.5868	1.108	h1	f4	0	1	2.5868	3.5868	4.6949	5.6949	9.6949	9.6949	13.6949	0.016698	1.018	2.6026	3.6039	4.7047	5.7061	8.8031	3.097	9.71	12.4275	2.7175
1	2	24	2	sarcasm	3	CNf2_10.wav	SPnegh3_10.wav	CN_SPneg	10	5	4	valid	4	valid	2.023	1	f2	h3	13.6949	14.6949	16.7178	17.7178	18.7179	19.7179	23.7179	23.7179	27.7179	13.6973	14.6983	16.7333	17.7347	18.7353	19.7198	22.1312	2.4113	23.724	26.2995	2.5755
1	2	24	2	sarcasm	3	CPf4_9.wav	SPnegh1_9.wav	CP_SPneg	9	4	4	valid	4	directvalide	2.0725	1.4035	f4	h1	27.7179	28.7179	30.7903	31.7903	33.1939	34.1939	38.1939	38.1939	42.1939	27.7279	28.7289	30.7973	31.7987	33.1997	34.201	36.7236	2.5226	38.2051	40.6596	2.4545
1	2	24	2	sarcasm	3	CPh3_10.wav	SNnegh2_10.wav	CP_SNneg	10	4	2	nonvalid	2	directvalide	1.8993	0.95145	h3	h2	42.1939	43.1939	45.0931	46.0931	47.0446	48.0446	52.0446	52.0446	56.0446	42.209	43.21	45.0948	46.0961	47.0468	48.0482	NaN	NaN	52.0683	54.2999	2.2315
1	2	24	2	sarcasm	3	CNh2_14.wav	SNposh1_14.wav	CN_SNpos	14	4	1	valid	1	valid	1.8744	1.1576	h2	h1	56.0446	57.0446	58.919	59.919	61.0766	62.0766	66.0766	66.0766	70.0766	56.0562	57.0571	58.9253	59.9267	61.0941	62.0788	63.4871	1.4083	66.0828	67.6153	1.5325
1	2	24	2	sarcasm	3	CNf2_12.wav	SNnegh4_12.wav	CN_SNneg	12	1	1	valid	1	valid	2.1421	0.79941	f2	h4	70.0766	71.0766	73.2187	74.2187	75.0181	76.0181	80.0181	80.0181	84.0181	70.0867	71.0878	73.2228	74.2242	75.0246	76.026	77.6194	1.5934	80.0301	81.6192	1.5892
1	2	24	2	sarcasm	3	CNh3_11.wav	SNposh2_11.wav	CN_SNpos	11	4	1	valid	2	directvalide	2.3602	0.85794	h3	h2	84.0181	85.0181	87.3783	88.3783	89.2363	90.2363	94.2363	94.2363	98.2363	84.034	85.0351	87.3869	88.3883	89.2387	90.2401	92.4117	2.1716	94.2441	95.5877	1.3435
1	2	24	2	sarcasm	3	CPf3_12.wav	SPnegh4_12.wav	CP_SPneg	12	4	1	valid	2	valid	1.8798	1.0407	f3	h4	98.2363	99.2363	101.116	102.116	103.1568	104.1568	108.1568	108.1568	112.1568	98.2481	99.2491	101.1172	102.1186	103.1696	104.1707	106.5952	2.4245	108.1747	109.4113	1.2366
1	2	24	2	sarcasm	3	CNh4_12.wav	SNposf2_12.wav	CN_SNpos	12	4	1	valid	4	directvalide	2.6791	0.89977	h4	f2	112.1568	113.1568	115.8358	116.8358	117.7356	118.7356	122.7356	122.7356	126.7356	112.162	113.1629	115.8488	116.85	117.7504	118.7518	121.2676	2.5157	122.7392	124.395	1.6558
1	2	24	2	sarcasm	3	CNh3_10.wav	SNposf3_10.wav	CN_SNpos	10	4	1	directvalide	3	valid	2.0823	0.85544	h3	f3	126.7356	127.7356	129.8179	130.8179	131.6734	132.6734	136.6734	136.6734	140.6734	126.7432	127.7443	129.8291	130.8305	131.6812	132.6824	135.2832	2.6008	136.6864	137.8189	1.1326
1	2	24	2	sarcasm	3	CPh4_10.wav	SPnegf1_10.wav	CP_SPneg	10	4	1	valid	1	directvalide	1.9518	0.98107	h4	f1	140.6734	141.6734	143.6252	144.6252	145.6062	146.6062	150.6062	150.6062	154.6062	140.6903	141.6913	143.6431	144.6276	145.6118	146.6129	149.7957	3.1827	150.6169	151.7628	1.1459
1	2	24	2	sarcasm	3	CNh1_9.wav	SNnegh3_9.wav	CN_SNneg	9	1	1	valid	1	valid	2.0758	1.1573	h1	h3	154.6062	155.6062	157.6821	158.6821	159.8394	160.8394	164.8394	164.8394	168.8394	154.6209	155.6219	157.6904	158.6916	159.8423	160.844	161.4194	0.57536	164.8478	165.8191	0.97131
1	2	24	2	sarcasm	3	CNh3_11.wav	SPnegf3_11.wav	CN_SPneg	11	5	4	valid	2	directvalide	2.3602	1.19	h3	f3	168.8394	169.8394	172.1996	173.1996	174.3896	175.3896	179.3896	179.3896	183.3896	168.8517	169.8527	172.2047	173.206	174.4068	175.3916	177.251	1.8593	179.3957	180.4192	1.0235
1	2	24	2	sarcasm	3	CPf4_16.wav	SPposf2_16.wav	CP_SPpos	16	1	1	valid	1	valid	2.2631	0.70095	f4	f2	183.3896	184.3896	186.6527	187.6527	188.3536	189.3536	193.3536	193.3536	197.3536	183.3995	184.4006	186.6692	187.6705	188.3707	189.3554	191.0426	1.6872	193.3595	194.0456	0.68615
1	2	24	2	sarcasm	3	CPh3_15.wav	SNposf4_15.wav	CP_SNpos	15	4	1	valid	3	valid	1.4517	1.2773	h3	f4	197.3536	198.3536	199.8053	200.8053	202.0826	203.0826	207.0826	207.0826	211.0826	197.3635	198.3647	199.8157	200.8168	202.0845	203.0856	206.1946	3.109	207.0898	209.5865	2.4967
1	2	24	2	sarcasm	3	CPh2_14.wav	SNnegh1_14.wav	CP_SNneg	14	4	1	valid	2	valid	2.0656	0.9405	h2	h1	211.0826	212.0826	214.1482	215.1482	216.0887	217.0887	221.0887	221.0887	225.0887	211.0938	212.0948	214.1633	215.1645	216.0986	217.0997	220.3151	3.2154	221.1037	223.035	1.9313
1	2	24	2	sarcasm	3	CPf4_11.wav	SPnegh1_11.wav	CP_SPneg	11	4	2	valid	4	valid	2.9292	1.4469	f4	h1	225.0887	226.0887	229.0179	230.0179	231.4648	232.4648	236.4648	236.4648	240.4648	225.091	226.0924	229.0279	230.0293	231.4805	232.4817	235.707	3.2253	236.4692	237.4909	1.0217
1	2	24	2	sarcasm	3	CPh4_14.wav	SPnegh3_14.wav	CP_SPneg	14	4	2	valid	2	valid	2.2474	1.2178	h4	h3	240.4648	241.4648	243.7122	244.7122	245.93	246.93	250.93	250.93	254.93	240.473	241.474	243.7261	244.7275	245.9447	246.9461	249.4904	2.5444	250.9334	252.2103	1.2769
1	2	24	2	sarcasm	3	CPh4_10.wav	SPposf4_10.wav	CP_SPpos	10	1	1	valid	1	valid	1.9518	1.0568	h4	f4	254.93	255.93	257.8818	258.8818	259.9386	260.9386	264.9386	264.9386	268.9386	254.9374	255.9384	257.8899	258.8912	259.9422	260.9434	262.3946	1.4512	264.9472	265.8829	0.93565
1	2	24	2	sarcasm	3	CNh2_10.wav	SPposf3_10.wav	CN_SPpos	10	5	3	valid	1	valid	2.0737	0.9346	h2	f3	268.9386	269.9386	272.0123	273.0123	273.9469	274.9469	278.9469	278.9469	282.9469	268.9516	269.9526	272.0207	273.0221	273.9561	274.9573	277.9307	2.9734	278.9616	280.9889	2.0273
1	2	24	2	sarcasm	3	CNf1_16.wav	SPposh2_16.wav	CN_SPpos	16	5	3	valid	5	valid	1.716	0.73596	f1	h2	282.9469	283.9469	285.6629	286.6629	287.3989	288.3989	292.3989	292.3989	296.3989	282.9484	283.9496	285.6675	286.669	287.4027	288.4043	290.7062	2.3019	292.408	293.1144	0.70639
1	2	24	2	sarcasm	3	CNf3_13.wav	SNnegh2_13.wav	CN_SNneg	13	1	3	valid	2	directvalide	2.2212	0.99211	f3	h2	296.3989	297.3989	299.62	300.62	301.6121	302.6121	306.6121	306.6121	310.6121	296.412	297.413	299.6314	300.6329	301.6167	302.6182	306.1867	3.5685	306.622	307.618	0.99602
1	2	24	2	sarcasm	3	CPh3_12.wav	SNnegh1_12.wav	CP_SNneg	12	4	1	directvalide	2	valid	1.9436	0.57395	h3	h1	310.6121	311.6121	313.5557	314.5557	315.1297	316.1297	320.1297	320.1297	324.1297	310.6261	311.6271	313.5619	314.5634	315.1469	316.1315	316.7385	0.60698	320.1357	323.3064	3.1707
1	2	24	2	sarcasm	3	CPf1_12.wav	SNposh2_12.wav	CP_SNpos	12	4	1	valid	4	valid	1.9637	0.79694	f1	h2	324.1297	325.1297	327.0934	328.0934	328.8904	329.8904	333.8904	333.8904	337.8904	324.1396	325.1405	327.1089	328.1102	328.894	329.8954	332.8181	2.9227	333.8993	334.8745	0.97524
1	2	24	2	sarcasm	3	CNf1_11.wav	SPposf4_11.wav	CN_SPpos	11	5	5	valid	5	valid	2.1186	1.2825	f1	f4	337.8904	338.8904	341.009	342.009	343.2915	344.2915	348.2915	348.2915	352.2915	337.9038	338.9047	341.0226	342.0241	343.3082	344.3097	347.2128	2.9031	348.297	349.0024	0.70545
1	2	24	2	sarcasm	3	CPh2_16.wav	SNposh4_16.wav	CP_SNpos	16	4	1	valid	4	valid	2.0086	0.70388	h2	h4	352.2915	353.2915	355.3001	356.3001	357.004	358.004	362.004	362.004	366.004	352.301	353.302	355.3037	356.3053	357.0053	358.0066	361.4901	3.4835	362.0105	363.1704	1.1599
1	2	24	2	sarcasm	3	CNh4_13.wav	SNposh1_13.wav	CN_SNpos	13	4	3	valid	4	valid	2.5239	0.8537	h4	h1	366.004	367.004	369.5279	370.5279	371.3816	372.3816	376.3816	376.3816	380.3816	366.0149	367.0156	369.5345	370.5357	371.3862	372.388	375.4661	3.0781	376.3915	377.6183	1.2268
1	2	24	2	sarcasm	3	CPf4_13.wav	SNposh1_13.wav	CP_SNpos	13	4	3	valid	4	valid	2.0673	0.8537	f4	h1	380.3816	381.3816	383.4489	384.4489	385.3026	386.3026	390.3026	390.3026	394.3026	380.3955	381.3966	383.4649	384.4662	385.3168	386.3181	387.6822	1.3641	390.3053	391.9461	1.6408
1	2	24	2	sarcasm	3	CNh3_13.wav	SPposh1_13.wav	CN_SPpos	13	5	4	valid	2	valid	2.3791	0.73794	h3	h1	394.3026	395.3026	397.6817	398.6817	399.4197	400.4197	404.4197	404.4197	408.4197	394.3094	395.3105	397.6958	398.6971	399.4308	400.4322	402.9542	2.522	404.4361	407.9457	3.5096
1	2	24	2	sarcasm	3	CNf1_15.wav	SPnegf4_15.wav	CN_SPneg	15	5	2	valid	2	directvalide	1.716	1.1799	f1	f4	408.4197	409.4197	411.1357	412.1357	413.3156	414.3156	418.3156	418.3156	422.3156	408.424	409.4247	411.1425	412.1444	413.3282	414.3294	416.8418	2.5124	418.3334	418.8341	0.50072
1	2	24	2	sarcasm	3	CPh4_14.wav	SPposh3_14.wav	CP_SPpos	14	1	1	valid	1	valid	2.2474	1.1129	h4	h3	422.3156	423.3156	425.563	426.563	427.676	428.676	432.676	432.676	436.676	422.3206	423.3217	425.5734	426.5754	427.6922	428.6937	430.434	1.7403	432.681	433.6738	0.99281
1	2	24	2	sarcasm	3	CPf1_16.wav	SNnegh4_16.wav	CP_SNneg	16	4	2	valid	1	directvalide	1.7906	0.73907	f1	h4	436.676	437.676	439.4666	440.4666	441.2056	442.2056	446.2056	446.2056	450.2056	436.6849	437.6859	439.4707	440.4717	441.2223	442.2244	445.5299	3.3055	446.2111	446.9776	0.7665
1	2	24	2	sarcasm	3	CPh1_16.wav	SPnegf4_16.wav	CP_SPneg	16	4	3	valid	2	valid	1.7267	1.0157	h1	f4	450.2056	451.2056	452.9323	453.9323	454.948	455.948	459.948	459.948	463.948	450.2151	451.216	452.934	453.9355	454.9529	455.9541	459.7938	3.8396	459.9581	462.7859	2.8278
1	2	24	2	sarcasm	3	CPh4_11.wav	SNnegf4_11.wav	CP_SNneg	11	4	1	directvalide	4	valid	3.026	1.2517	h4	f4	463.948	464.948	467.9741	468.9741	470.2258	471.2258	475.2258	475.2258	479.2258	463.9626	464.9631	467.9824	468.9841	470.2345	471.236	474.2977	3.0617	475.24	476.9776	1.7376
1	2	24	2	sarcasm	3	CPh1_9.wav	SNnegf2_9.wav	CP_SNneg	9	4	1	valid	1	valid	1.6736	1.3003	h1	f2	479.2258	480.2258	481.8994	482.8994	484.1997	485.1997	489.1997	489.1997	493.1997	479.2444	480.2283	481.9129	482.9146	484.2152	485.2165	486.9616	1.7451	489.2041	490.3794	1.1753
1	2	24	2	sarcasm	3	CNf4_12.wav	SPposf3_12.wav	CN_SPpos	12	5	4	valid	4	valid	2.3907	0.87946	f4	f3	493.1997	494.1997	496.5904	497.5904	498.4698	499.4698	503.4698	503.4698	507.4698	493.2085	494.2093	496.5941	497.5955	498.4794	499.4808	502.1856	2.7049	503.4847	504.7455	1.2608
1	2	24	2	sarcasm	3	CPh4_12.wav	SPposf4_12.wav	CP_SPpos	12	1	5	valid	2	valid	2.1412	1.1388	h4	f4	507.4698	508.4698	510.611	511.611	512.7499	513.7499	517.7499	517.7499	521.7499	507.4719	508.4737	510.6247	511.6262	512.7602	513.7616	516.3342	2.5727	517.7656	520.3297	2.5641
1	2	24	2	sarcasm	3	CNh1_11.wav	SNnegf1_11.wav	CN_SNneg	11	1	1	directvalide	2	valid	2.0088	0.84263	h1	f1	521.7499	522.7499	524.7586	525.7586	526.6013	527.6013	531.6013	531.6013	535.6013	521.7529	522.7536	524.7722	525.7736	526.6073	527.6088	528.2656	0.65687	531.6128	532.6335	1.0208
1	2	24	2	sarcasm	3	CNh2_12.wav	SPnegf2_12.wav	CN_SPneg	12	5	2	valid	1	directvalide	2.094	0.89252	h2	f2	535.6013	536.6013	538.6953	539.6953	540.5878	541.5878	545.5878	545.5878	549.5878	535.6174	536.6178	538.7028	539.7049	540.6046	541.606	545.2009	3.5949	545.594	546.8815	1.2874
1	2	24	2	sarcasm	3	CPf4_15.wav	SPposh2_15.wav	CP_SPpos	15	1	1	valid	1	valid	1.9186	0.90673	f4	h2	549.5878	550.5878	552.5064	553.5064	554.4131	555.4131	559.4131	559.4131	563.4131	549.5973	550.5983	552.5165	553.5176	554.4183	555.4205	559.2334	3.8129	559.4234	560.6094	1.1861
1	2	24	2	sarcasm	3	CNf3_9.wav	SPposf1_9.wav	CN_SPpos	9	5	5	valid	5	valid	2.4237	1.1707	f3	f1	563.4131	564.4131	566.8368	567.8368	569.0074	570.0074	574.0074	574.0074	578.0074	563.4278	564.4287	566.8474	567.8492	569.0162	570.0176	571.8888	1.8712	574.0216	575.2247	1.2031
1	2	24	2	sarcasm	3	CNh1_14.wav	SNnegf2_14.wav	CN_SNneg	14	1	4	valid	1	directvalide	1.9124	0.93896	h1	f2	578.0074	579.0074	580.9198	581.9198	582.8588	583.8588	587.8588	587.8588	591.8588	578.0255	579.01	580.9282	581.9302	582.8634	583.8647	587.7128	3.8481	587.885	587.8859	0.0008691
1	2	24	2	sarcasm	3	CNh4_10.wav	SNnegh3_10.wav	CN_SNneg	10	1	1	valid	1	valid	2.1066	0.87905	h4	h3	591.8588	592.8588	594.9654	595.9654	596.8444	597.8444	601.8444	601.8444	605.8444	591.873	592.8742	594.9754	595.9768	596.8606	597.8619	599.2566	1.3946	601.8493	602.8011	0.95178
1	2	24	2	sarcasm	3	CPf2_14.wav	SNposh1_14.wav	CP_SNpos	14	4	2	directvalide	4	valid	2.2797	1.1576	f2	h1	605.8444	606.8444	609.1241	610.1241	611.2817	612.2817	616.2817	616.2817	620.2817	605.8533	606.8542	609.1395	610.1409	611.2918	612.2938	614.1045	1.8107	616.297	619.4091	3.1121
1	2	24	2	sarcasm	3	CPf2_13.wav	SNnegh4_13.wav	CP_SNneg	13	4	3	valid	3	valid	1.913	1.086	f2	h4	620.2817	621.2817	623.1946	624.1946	625.2806	626.2806	630.2806	630.2806	634.2806	620.2843	621.2861	623.2035	624.2049	625.2888	626.29	628.6085	2.3185	630.2942	631.1765	0.88224
1	2	24	2	sarcasm	3	CPh3_13.wav	SPnegf1_13.wav	CP_SPneg	13	4	3	valid	1	valid	1.7581	0.8637	h3	f1	634.2806	635.2806	637.0387	638.0387	638.9024	639.9024	643.9024	643.9024	647.9024	634.2983	635.2825	637.0506	638.052	638.9191	639.9205	643.6892	3.7687	643.9079	647.3683	3.4605
1	2	24	2	sarcasm	3	CNf2_16.wav	SNposh1_16.wav	CN_SNpos	16	4	5	valid	1	nonvalid	1.9283	0.68971	f2	h1	647.9024	648.9024	650.8307	651.8307	652.5204	653.5204	657.5204	657.5204	661.5204	647.9118	648.9136	650.8478	651.8329	652.5334	653.534	654.0434	0.50939	657.5389	NaN	NaN
1	2	24	2	sarcasm	3	CPh1_13.wav	SPposh4_13.wav	CP_SPpos	13	1	4	nonvalid	1	directvalide	1.4469	0.95528	h1	h4	661.5204	662.5204	663.9673	664.9673	665.9226	666.9226	670.9226	670.9226	674.9226	661.5249	662.5263	663.9773	664.9788	665.9293	666.9307	NaN	NaN	670.9342	670.9368	0.0025368
1	2	24	2	sarcasm	3	CPh1_10.wav	SNposf2_10.wav	CP_SNpos	10	4	2	valid	2	valid	1.5489	0.85333	h1	f2	674.9226	675.9226	677.4715	678.4715	679.3248	680.3248	684.3248	684.3248	688.3248	674.9387	675.9397	677.4742	678.4756	679.326	680.3274	682.3926	2.0652	684.3314	686.4002	2.0688
1	2	24	2	sarcasm	3	CPh2_9.wav	SNposh4_9.wav	CP_SNpos	9	4	2	valid	1	valid	1.9802	1.1514	h2	h4	688.3248	689.3248	691.305	692.305	693.4564	694.4564	698.4564	698.4564	702.4564	688.3353	689.3364	691.3213	692.3236	693.4735	694.458	696.4964	2.0384	698.463	699.8325	1.3695
1	2	24	2	sarcasm	3	CPh4_15.wav	SNnegf1_15.wav	CP_SNneg	15	4	2	valid	2	valid	2.1375	0.94544	h4	f1	702.4564	703.4564	705.5939	706.5939	707.5393	708.5393	712.5393	712.5393	716.5393	702.4661	703.4671	705.6023	706.6041	707.5541	708.5552	710.6965	2.1413	712.5436	714.1765	1.6329
1	2	24	2	sarcasm	3	CPf4_11.wav	SNposh4_11.wav	CP_SNpos	11	4	2	valid	4	valid	2.9292	1.0106	f4	h4	716.5393	717.5393	720.4685	721.4685	722.4791	723.4791	727.4791	727.4791	731.4791	716.5472	717.5486	720.4841	721.4856	722.4856	723.487	726.5205	3.0335	727.4915	730.0243	2.5328
1	2	24	2	sarcasm	3	CNh3_16.wav	SPnegh4_16.wav	CN_SPneg	16	5	5	valid	5	valid	1.863	1.081	h3	h4	731.4791	732.4791	734.3421	735.3421	736.423	737.423	741.423	741.423	745.423	731.495	732.4959	734.3475	735.3488	736.4328	737.4343	738.7439	1.3097	741.4382	741.991	0.55278
1	2	24	2	sarcasm	3	CNf4_15.wav	SNnegh4_15.wav	CN_SNneg	15	1	1	valid	1	valid	2.2631	1.081	f4	h4	745.423	746.423	748.6861	749.6861	750.7671	751.7671	755.7671	755.7671	759.7671	745.4255	746.4265	748.6951	749.6961	750.7804	751.7818	754.4043	2.6225	755.7691	756.356	0.58685
1	2	24	2	sarcasm	3	CNf3_15.wav	SPposf1_15.wav	CN_SPpos	15	5	5	valid	3	valid	2.2024	1.0563	f3	f1	759.7671	760.7671	762.9695	763.9695	765.0258	766.0258	770.0258	770.0258	774.0258	759.7731	760.7745	762.9761	763.9773	765.0279	766.0294	768.2484	2.219	770.033	771.3998	1.3669
1	2	24	2	sarcasm	3	CNf3_14.wav	SPposh3_14.wav	CN_SPpos	14	5	4	valid	1	valid	1.9585	1.1129	f3	h3	774.0258	775.0258	776.9843	777.9843	779.0973	780.0973	784.0973	784.0973	788.0973	774.0373	775.0383	776.99	777.9913	779.1086	780.11	781.9918	1.8818	784.114	784.7923	0.67832
1	2	24	2	sarcasm	3	CNf1_9.wav	SPnegf3_9.wav	CN_SPneg	9	5	4	directvalide	4	valid	2.1994	1.2742	f1	f3	788.0973	789.0973	791.2966	792.2966	793.5708	794.5708	798.5708	798.5708	802.5708	788.1013	789.1023	791.3041	792.3055	793.5731	794.575	795.4961	0.92115	798.5784	799.5602	0.98182
1	2	24	2	sarcasm	3	CPh1_15.wav	SPnegf1_15.wav	CP_SPneg	15	4	2	valid	1	valid	1.4185	1.0834	h1	f1	802.5708	803.5708	804.9893	805.9893	807.0727	808.0727	812.0727	812.0727	816.0727	802.583	803.5833	805.001	806.0034	807.0865	808.0879	811.0315	2.9436	812.0752	813.6961	1.6209
1	2	24	2	sarcasm	3	CNf4_15.wav	SNposh1_15.wav	CN_SNpos	15	4	5	valid	5	valid	2.2631	0.93569	f4	h1	816.0727	817.0727	819.3358	820.3358	821.2715	822.2715	826.2715	826.2715	830.2715	816.0792	817.0802	819.3486	820.3501	821.284	822.2853	823.8559	1.5706	826.2893	827.3606	1.0713
1	2	24	2	sarcasm	3	CNf1_13.wav	SPnegh3_13.wav	CN_SPneg	13	5	3	directvalide	3	valid	2.227	0.82261	f1	h3	830.2715	831.2715	833.4984	834.4984	835.321	836.321	840.321	840.321	844.321	830.2767	831.2774	833.5128	834.5144	835.3313	836.3335	838.6554	2.3219	840.3371	841.2397	0.90255
1	2	24	2	sarcasm	3	CNf3_14.wav	SPnegh2_14.wav	CN_SPneg	14	5	4	valid	2	valid	1.9585	1.2157	f3	h2	844.321	845.321	847.2796	848.2796	849.4953	850.4953	854.4953	854.4953	858.4953	844.3238	845.3254	847.2932	848.2945	849.512	850.5134	853.4234	2.91	854.5009	855.7515	1.2506
1	2	24	2	sarcasm	3	CNf4_9.wav	SNposh1_9.wav	CN_SNpos	9	4	5	valid	5	valid	2.6368	0.95016	f4	h1	858.4953	859.4953	862.1321	863.1321	864.0822	865.0822	869.0822	869.0822	873.0822	858.5047	859.5057	862.1412	863.1436	864.0932	865.0946	865.7199	0.62531	869.0986	869.9033	0.80468
1	2	24	2	sarcasm	3	CPh1_11.wav	SPposf1_11.wav	CP_SPpos	11	1	1	valid	1	valid	2.344	1.1195	h1	f1	873.0822	874.0822	876.4263	877.4263	878.5458	879.5458	883.5458	883.5458	887.5458	873.087	874.0869	876.4394	877.4402	878.5576	879.559	880.1209	0.56191	883.563	884.1659	0.60296
1	2	24	2	sarcasm	3	CPh1_9.wav	SPposf2_9.wav	CP_SPpos	9	1	1	valid	1	valid	1.6736	1.1349	h1	f2	887.5458	888.5458	890.2194	891.2194	892.3543	893.3543	897.3543	897.3543	901.3543	887.5515	888.5524	890.2359	891.2373	892.3714	893.3558	893.9192	0.56334	897.3612	898.2575	0.89629
