subID	 genre	 age	 task	 run	 Context 	 Statement	 Condition_name	 Situation	 Evaluation_Score	 Validation_Type	 Time_Context	 Time_Statement	 Voice_Context	 Voice_Statement	 Time_Onset	 Time_Onset_Context	 Time_End_Context	 Time_Onset_Statement	 Time_End_Statement	 Onset_Evaluation	 End_Evaluation	 Real_Time_Onset	 Real_Time_Onset_Context	 Real_Time_End_Context	 Real_Time_Onset_Statement	 Real_Time_End_Statement	 Real_Time_Onset_Evaluation	 Real_Time_End_Evaluation	 RT	 Jitter
6	2	28	tom	3	CNh1_11.wav	SPnegf1_11.wav	CN_SPneg	11	2	valid	2.0088	1.1135	h1	f1	0	1	3.0088	4.2756	5.389	6.389	10.7396	0.0031868	1.0017	3.0101	4.2774	5.3904	6.3907	10.2412	3.8505	1.2668
6	2	28	tom	3	CNh3_15.wav	SPnegf1_15.wav	CN_SPneg	15	4	valid	2.0439	1.0834	h3	f1	10.7396	11.7396	13.7835	14.2838	15.3672	16.3672	17.9523	10.7587	11.7413	13.7848	14.2855	15.3685	16.369	17.4541	1.0851	0.50027
6	2	28	tom	3	CNh4_12.wav	SNnegf4_12.wav	CN_SNneg	12	4	valid	2.916	1.0106	h4	f4	17.9523	18.9523	21.8682	22.3771	23.3877	24.3877	28.0765	17.969	18.9541	21.8697	22.3788	23.3895	24.3898	27.5785	3.1887	0.50889
6	2	28	tom	3	CPh2_13.wav	SPposf4_13.wav	CP_SPpos	13	4	valid	1.8256	1.0157	h2	f4	28.0765	29.0765	30.9021	32.0654	33.0811	34.0811	36.669	28.0935	29.0782	30.9035	32.0672	33.0825	34.0829	36.1708	2.088	1.1633
6	2	28	tom	3	CPf3_16.wav	SPposf2_16.wav	CP_SPpos	16	1	valid	2.0749	0.70095	f3	f2	36.669	37.669	39.7439	40.4187	41.1197	42.1197	43.9029	36.6846	37.6708	39.7452	40.4205	41.1211	42.1214	43.4047	1.2833	0.67481
6	2	28	tom	3	CPf3_9.wav	SNposf2_9.wav	CP_SNpos	9	1	valid	2.1912	1.2481	f3	f2	43.9029	44.9029	47.0941	48.3724	49.6205	50.6205	54.797	43.9184	44.9047	47.0955	48.3741	49.6218	50.622	54.2986	3.6766	1.2783
6	2	28	tom	3	CPh2_1.wav	SNposf4_1.wav	CP_SNpos	1	2	valid	2.1184	1.2466	h2	f4	54.797	55.797	57.9154	58.8688	60.1154	61.1154	66.4745	54.8133	55.7989	57.9168	58.8706	60.1167	61.1169	65.976	4.8591	0.95336
6	2	28	tom	3	CNf4_7.wav	SNnegh2_7.wav	CN_SNneg	7	4	valid	2.546	1.0775	f4	h2	66.4745	67.4745	70.0205	70.9548	72.0323	73.0323	75.5338	66.4911	67.4763	70.0219	70.9566	72.0337	73.0341	75.0355	2.0015	0.93429
6	2	28	tom	3	CNf1_3.wav	SNnegh1_3.wav	CN_SNneg	3	2	valid	2.7506	1.0756	f1	h1	75.5338	76.5338	79.2844	80.4039	81.4795	82.4795	85.1861	75.5504	76.5357	79.2857	80.4057	81.4808	82.4812	84.6878	2.2066	1.1195
6	2	28	tom	3	CNh2_13.wav	SNnegf4_13.wav	CN_SNneg	13	2	valid	2.3461	1.3235	h2	f4	85.1861	86.1861	88.5322	89.4347	90.7582	91.7582	97.0207	85.2073	86.1879	88.5336	89.4363	90.7596	91.7601	96.5226	4.7625	0.90251
6	2	28	tom	3	CPf3_3.wav	SPposf1_3.wav	CP_SPpos	3	1	valid	1.8647	1.2007	f3	f1	97.0207	98.0207	99.8855	100.4654	101.6661	102.6661	104.342	97.0373	98.0232	99.8869	100.4672	101.6675	102.6679	103.8438	1.1759	0.57989
6	2	28	tom	3	CNf2_1.wav	SPnegh4_1.wav	CN_SPneg	1	2	valid	2.315	0.98041	f2	h4	104.342	105.342	107.657	108.2616	109.242	110.242	112.8951	104.3581	105.3437	107.6583	108.263	109.2433	110.2438	112.3968	2.1531	0.60459
6	2	28	tom	3	CPf4_8.wav	SPposf1_8.wav	CP_SPpos	8	1	valid	1.7031	1.0172	f4	f1	112.8951	113.8951	115.5982	116.9559	117.973	118.973	121.0003	112.9098	113.8968	115.5996	116.9576	117.9744	118.9746	120.5019	1.5273	1.3577
6	2	28	tom	3	CNh3_16.wav	SPnegf3_16.wav	CN_SPneg	16	3	valid	1.863	0.92299	h3	f3	121.0003	122.0003	123.8633	124.9428	125.8658	126.8658	129.0949	121.0203	122.0022	123.8647	124.9446	125.8673	126.8676	128.5967	1.7292	1.0795
6	2	28	tom	3	CNf4_12.wav	SPnegf3_12.wav	CN_SPneg	12	1	valid	2.3907	0.96943	f4	f3	129.0949	130.0949	132.4856	133.1586	134.128	135.128	137.7651	129.1125	130.0968	132.487	133.1602	134.1293	135.1297	137.2669	2.1372	0.67293
6	2	28	tom	3	CPh4_2.wav	SNposf1_2.wav	CP_SNpos	2	1	valid	2.0214	1.1556	h4	f1	137.7651	138.7651	140.7865	141.7511	142.9067	143.9067	145.8361	137.7808	138.7669	140.7874	141.7528	142.908	143.9085	145.3379	1.4294	0.96458
6	2	28	tom	3	CPh1_5.wav	SPposf2_5.wav	CP_SPpos	5	1	valid	2.0209	0.89397	h1	f2	145.8361	146.8361	148.8569	149.6111	150.5051	151.5051	153.062	145.8536	146.8378	148.8583	149.6129	150.5065	151.5069	152.5639	1.057	0.75417
6	2	28	tom	3	CPf3_15.wav	SNposh4_15.wav	CP_SNpos	15	1	valid	1.5646	1.0357	f3	h4	153.062	154.062	155.6266	156.5127	157.5484	158.5484	162.3691	153.0779	154.0637	155.628	156.5145	157.5497	158.5501	161.8708	3.3207	0.88605
6	2	28	tom	3	CNh3_8.wav	SPnegf1_8.wav	CN_SPneg	8	2	valid	2.0439	1.0774	h3	f1	162.3691	163.3691	165.413	166.6134	167.6907	168.6907	170.1819	162.3855	163.3709	165.4143	166.6152	167.6922	168.6927	169.6838	0.99112	1.2004
6	2	28	tom	3	CNf1_9.wav	SPnegh1_9.wav	CN_SPneg	9	2	valid	2.1994	1.4035	f1	h1	170.1819	171.1819	173.3812	174.7572	176.1607	177.1607	181.0222	170.1988	171.1837	173.3826	174.759	176.1621	177.1622	180.5237	3.3615	1.3759
6	2	28	tom	3	CPh1_15.wav	SPposf4_15.wav	CP_SPpos	15	5	valid	1.4185	1.1029	h1	f4	181.0222	182.0222	183.4407	184.4493	185.5522	186.5522	189.6821	181.0384	182.0239	183.4421	184.4507	185.5536	186.5538	189.1837	2.6299	1.0086
6	2	28	tom	3	CPf3_2.wav	SPposf2_2.wav	CP_SPpos	2	1	valid	1.923	1.3322	f3	f2	189.6821	190.6821	192.6051	193.3517	194.684	195.684	199.8487	189.6986	190.6839	192.6065	193.3531	194.6853	195.6854	199.3502	3.6648	0.74657
6	2	28	tom	3	CPh2_6.wav	SPposf1_6.wav	CP_SPpos	6	2	valid	2.1103	1.0834	h2	f1	199.8487	200.8487	202.959	204.3951	205.4785	206.4785	209.8115	199.863	200.8506	202.9603	204.3968	205.4799	206.48	209.313	2.833	1.4361
6	2	28	tom	3	CNh4_1.wav	SNnegf2_1.wav	CN_SNneg	1	1	valid	2.6198	1.1305	h4	f2	209.8115	210.8115	213.4314	214.8865	216.017	217.017	219.0519	209.8268	210.8132	213.4327	214.8883	216.0183	217.0188	218.5537	1.5349	1.4551
6	2	28	tom	3	CNh1_15.wav	SNnegf1_15.wav	CN_SNneg	15	1	valid	1.6736	0.94544	h1	f1	219.0519	220.0519	221.7255	222.5605	223.5059	224.5059	225.7752	219.0689	220.0537	221.7269	222.5622	223.5073	224.5077	225.277	0.76931	0.83498
6	2	28	tom	3	CPh1_10.wav	SPposh2_10.wav	CP_SPpos	10	3	directvalide	1.5489	0.85794	h1	h2	225.7752	226.7752	228.3242	229.7294	230.5873	231.5873	232.6066	225.7917	226.777	228.3256	229.7313	230.5887	231.5887	232.108	0.5193	1.4052
6	2	28	tom	3	CNf2_3.wav	SPnegh2_3.wav	CN_SPneg	3	1	valid	3.1465	1.045	f2	h2	232.6066	233.6066	236.7531	237.4036	238.4486	239.4486	242.2656	232.6213	233.6081	236.7545	237.4053	238.4499	239.45	241.767	2.3171	0.65048
6	2	28	tom	3	CPf4_11.wav	SPposh4_11.wav	CP_SPpos	11	1	valid	2.9292	0.88991	f4	h4	242.2656	243.2656	246.1948	247.1656	248.0555	249.0555	250.5501	242.2852	243.2675	246.1962	247.1673	248.0568	249.0573	250.0519	0.99459	0.97074
6	2	28	tom	3	CNh1_14.wav	SNnegh2_14.wav	CN_SNneg	14	1	valid	1.9124	1.1182	h1	h2	250.5501	251.5501	253.4624	254.3874	255.5055	256.5055	257.8244	250.5668	251.5519	253.4638	254.389	255.5069	256.5071	257.326	0.81886	0.92494
6	2	28	tom	3	CNf3_5.wav	SPnegh3_5.wav	CN_SPneg	5	1	valid	1.9773	0.76615	f3	h3	257.8244	258.8244	260.8017	261.4101	262.1762	263.1762	265.1312	257.8414	258.826	260.8031	261.4118	262.1776	263.178	264.633	1.4549	0.60844
6	2	28	tom	3	CNh1_8.wav	SNnegh2_8.wav	CN_SNneg	8	1	valid	1.9775	0.92705	h1	h2	265.1312	266.1312	268.1087	269.451	270.3781	271.3781	275.2223	265.1474	266.133	268.11	269.4526	270.3794	271.3798	274.7241	3.3443	1.3424
6	2	28	tom	3	CNh2_13.wav	SPnegf3_13.wav	CN_SPneg	13	2	valid	2.3461	0.94912	h2	f3	275.2223	276.2223	278.5684	279.1419	280.091	281.091	285.6741	275.2387	276.2242	278.5699	279.1435	280.0924	281.0928	285.1759	4.0831	0.57348
6	2	28	tom	3	CPf4_7.wav	SPposh3_7.wav	CP_SPpos	7	1	valid	2.1392	1.1129	f4	h3	285.6741	286.6741	288.8133	290.3127	291.4256	292.4256	294.5592	285.6912	286.6756	288.8147	290.3144	291.427	292.4275	294.061	1.6336	1.4994
6	2	28	tom	3	CPh1_11.wav	SNposf2_11.wav	CP_SNpos	11	2	valid	2.344	0.9346	h1	f2	294.5592	295.5592	297.9032	299.0084	299.943	300.943	303.1718	294.5758	295.561	297.9046	299.0101	299.9443	300.9449	302.6737	1.7288	1.1052
6	2	28	tom	3	CNf1_5.wav	SNnegf3_5.wav	CN_SNneg	5	1	valid	1.9802	1.1299	f1	f3	303.1718	304.1718	306.152	306.7195	307.8494	308.8494	310.0044	303.1927	304.1734	306.1533	306.7213	307.8508	308.8511	309.506	0.65499	0.56754
6	2	28	tom	3	CPh1_9.wav	SPposf1_9.wav	CP_SPpos	9	4	valid	1.6736	1.1707	h1	f1	310.0044	311.0044	312.678	313.2692	314.4398	315.4398	318.9445	310.0234	311.0066	312.6794	313.2708	314.4412	315.4417	318.4463	3.0046	0.59115
6	2	28	tom	3	CPh2_10.wav	SNposh3_10.wav	CP_SNpos	10	2	valid	1.7423	0.81857	h2	h3	318.9445	319.9445	321.6868	322.7468	323.5654	324.5654	328.145	318.9797	319.9462	321.6882	322.7484	323.5668	324.5673	327.6469	3.0796	1.06
6	2	28	tom	3	CNh1_10.wav	SNnegh3_10.wav	CN_SNneg	10	2	valid	1.8328	0.87905	h1	h3	328.145	329.145	330.9778	331.807	332.686	333.686	335.5624	328.1619	329.1465	330.9792	331.8087	332.6874	333.6877	335.0641	1.3764	0.82915
6	2	28	tom	3	CPh2_4.wav	SNposf2_4.wav	CP_SNpos	4	3	directvalide	2.4925	1.4802	h2	f2	335.5624	336.5624	339.0549	340.026	341.5062	342.5062	343.6945	335.5789	336.5643	339.0565	340.0277	341.5077	342.5079	343.1961	0.68823	0.97105
6	2	28	tom	3	CNh3_16.wav	SNnegf4_16.wav	CN_SNneg	16	4	valid	1.863	1.108	h3	f4	343.6945	344.6945	346.5574	347.3428	348.4508	349.4508	352.6377	343.7107	344.6963	346.5588	347.3446	348.4522	349.4523	352.1392	2.6869	0.78531
6	2	28	tom	3	CPf4_13.wav	SNposh1_13.wav	CP_SNpos	13	3	directvalide	2.0673	0.8537	f4	h1	352.6377	353.6377	355.7051	356.5202	357.3739	358.3739	360.2163	352.6587	353.64	355.7064	356.522	357.3753	358.3757	359.7181	1.3424	0.81515
6	2	28	tom	3	CPf4_1.wav	SPposh2_1.wav	CP_SPpos	1	2	valid	2.3239	1.0206	f4	h2	360.2163	361.2163	363.5402	364.161	365.1816	366.1816	369.5414	360.2318	361.2178	363.5415	364.1628	365.183	366.1832	369.043	2.8598	0.62089
6	2	28	tom	3	CNh3_6.wav	SNnegh2_6.wav	CN_SNneg	6	2	valid	2.4477	0.98805	h3	h2	369.5414	370.5414	372.989	373.9893	374.9773	375.9773	380.2811	369.5579	370.543	372.9904	373.9908	374.9787	375.9791	379.7829	3.8038	1.0003
6	2	28	tom	3	CNf3_2.wav	SPnegf2_2.wav	CN_SPneg	2	3	valid	1.7522	1.4316	f3	f2	380.2811	381.2811	383.0333	384.4524	385.884	386.884	390.8807	380.298	381.2827	383.0347	384.4541	385.8854	386.8857	390.3824	3.4967	1.4192
6	2	28	tom	3	CPf1_14.wav	SPposf3_14.wav	CP_SPpos	14	1	valid	1.9952	1.042	f1	f3	390.8807	391.8807	393.876	394.5002	395.5422	396.5422	398.6144	390.9133	391.8824	393.8773	394.5017	395.5435	396.5438	398.116	1.5722	0.62421
6	2	28	tom	3	CPh4_12.wav	SNposf1_12.wav	CP_SNpos	12	1	valid	2.3305	0.81823	h4	f1	398.6144	399.6144	401.9449	402.8802	403.6984	404.6984	407.3145	398.6308	399.616	401.9464	402.8819	403.6998	404.7001	406.8161	2.116	0.9353
6	2	28	tom	3	CPf2_4.wav	SPposf3_4.wav	CP_SPpos	4	1	valid	2.28	1.3003	f2	f3	407.3145	408.3145	410.5945	411.1997	412.5	413.5	416.7813	407.3319	408.3163	410.5958	411.2013	412.5013	413.5017	416.283	2.7813	0.60521
6	2	28	tom	3	CNf1_10.wav	SPnegf2_10.wav	CN_SPneg	10	2	valid	2.1186	0.86349	f1	f2	416.7813	417.7813	419.8999	420.8143	421.6778	422.6778	426.3385	416.7979	417.7829	419.9013	420.816	421.6792	422.6793	425.8401	3.1608	0.91435
6	2	28	tom	3	CNh3_14.wav	SPnegh4_14.wav	CN_SPneg	14	1	valid	1.8912	1.1765	h3	h4	426.3385	427.3385	429.2297	430.4323	431.6087	432.6087	435.5915	426.3548	427.3402	429.2311	430.4339	431.6101	432.6105	435.0933	2.4827	1.2025
6	2	28	tom	3	CNh3_4.wav	SPnegf2_4.wav	CN_SPneg	4	4	valid	1.7662	1.2118	h3	f2	435.5915	436.5915	438.3577	439.7569	440.9686	441.9686	444.5514	435.608	436.5931	438.359	439.7585	440.97	441.9704	444.0532	2.0828	1.3992
6	2	28	tom	3	CPf2_5.wav	SNposf3_5.wav	CP_SNpos	5	2	valid	2.1539	1.1436	f2	f3	444.5514	445.5514	447.7053	448.9715	450.1151	451.1151	453.485	444.5695	445.5533	447.7067	448.9732	450.1165	451.1169	452.9868	1.8699	1.2662
6	2	28	tom	3	CPf2_7.wav	SNposh2_7.wav	CP_SNpos	7	4	valid	1.8314	1.0938	f2	h2	453.485	454.485	456.3164	457.5297	458.6235	459.6235	461.8685	453.5018	454.4867	456.3177	457.5315	458.6248	459.6251	461.3702	1.745	1.2134
6	2	28	tom	3	CPf3_8.wav	SNposh1_8.wav	CP_SNpos	8	3	valid	1.6434	0.8151	f3	h1	461.8685	462.8685	464.5119	465.372	466.1871	467.1871	470.2454	461.885	462.8703	464.5132	465.3738	466.1885	467.1888	469.7471	2.5582	0.86013
6	2	28	tom	3	CNf2_9.wav	SNnegh4_9.wav	CN_SNneg	9	2	valid	2.4979	1.2067	f2	h4	470.2454	471.2454	473.7433	475.2043	476.411	477.411	480.2607	470.2626	471.247	473.7447	475.2059	476.4124	477.4126	479.7623	2.3497	1.4611
6	2	28	tom	3	CNf2_11.wav	SNnegh4_11.wav	CN_SNneg	11	2	valid	2.744	0.8346	f2	h4	480.2607	481.2607	484.0047	484.6513	485.4859	486.4859	488.1425	480.2763	481.2623	484.0065	484.6529	485.4872	486.4875	487.6442	1.1567	0.64657
6	2	28	tom	3	CPh1_6.wav	SNposh2_6.wav	CP_SNpos	6	3	directvalide	1.8135	0.97585	h1	h2	488.1425	489.1425	490.956	491.9717	492.9476	493.9476	495.6905	488.1589	489.1441	490.9574	491.9734	492.949	493.9493	495.1922	1.2429	1.0157
6	2	28	tom	3	CNh4_6.wav	SPnegf4_6.wav	CN_SPneg	6	2	valid	2.9964	1.4518	h4	f4	495.6905	496.6905	499.6869	500.7847	502.2364	503.2364	507.5375	495.7069	496.6922	499.6882	500.7863	502.2378	503.238	507.0391	3.8011	1.0978
6	2	28	tom	3	CPh2_12.wav	SPposf4_12.wav	CP_SPpos	12	3	directvalide	1.9761	1.1388	h2	f4	507.5375	508.5375	510.5136	511.2513	512.3901	513.3901	515.2056	507.5536	508.5391	510.515	511.253	512.3916	513.3918	514.7072	1.3155	0.73765
6	2	28	tom	3	CNf4_7.wav	SPnegf1_7.wav	CN_SPneg	7	5	valid	2.546	1.1315	f4	f1	515.2056	516.2056	518.7516	519.4828	520.6143	521.6143	523.4445	515.2207	516.2072	518.753	519.4845	520.6156	521.6159	522.9461	1.3302	0.73113
6	2	28	tom	3	CNh3_2.wav	SNnegf2_2.wav	CN_SNneg	2	2	valid	1.8451	1.171	h3	f2	523.4445	524.4445	526.2896	527.0261	528.1971	529.1971	532.4727	523.4607	524.4461	526.2909	527.0279	528.1984	529.1985	531.9741	2.7757	0.73651
6	2	28	tom	3	CPf4_16.wav	SNposh4_16.wav	CP_SNpos	16	5	valid	2.2631	0.70388	f4	h4	532.4727	533.4727	535.7358	537.0423	537.7462	538.7462	539.9666	532.4888	533.4744	535.7372	537.044	537.7476	538.7478	539.4682	0.72034	1.3065
6	2	28	tom	3	CPf4_14.wav	SNposh3_14.wav	CP_SNpos	14	4	valid	2.4675	1.2057	f4	h3	539.9666	540.9666	543.434	544.2477	545.4534	546.4534	548.9278	539.9828	540.9683	543.4354	544.2494	545.4549	546.4549	548.4293	1.9745	0.81365
6	2	28	tom	3	CPf2_3.wav	SNposf3_3.wav	CP_SNpos	3	2	valid	1.7274	1.3653	f2	f3	548.9278	549.9278	551.6552	552.553	553.9183	554.9183	557.3187	548.9446	549.9295	551.6566	552.5545	553.9197	554.9199	556.8203	1.9004	0.89777
6	2	28	tom	3	CNh2_4.wav	SNnegf3_4.wav	CN_SNneg	4	1	valid	2.033	1.3582	h2	f3	557.3187	558.3187	560.3517	561.2005	562.5587	563.5587	564.9466	557.3354	558.3202	560.3531	561.2021	562.5601	563.5603	564.4483	0.88798	0.84872
