subID	 genre	 age	 task	 run	 Context 	 Statement	 Condition_name	 Situation	 Evaluation_Score	 Validation_Type	 Time_Context	 Time_Statement	 Voice_Context	 Voice_Statement	 Time_Onset	 Time_Onset_Context	 Time_End_Context	 Time_Onset_Statement	 Time_End_Statement	 Onset_Evaluation	 End_Evaluation	 Real_Time_Onset	 Real_Time_Onset_Context	 Real_Time_End_Context	 Real_Time_Onset_Statement	 Real_Time_End_Statement	 Real_Time_Onset_Evaluation	 Real_Time_End_Evaluation	 RT	 Jitter
4	2	32	prosody	4	CNf2_11.wav	SNnegf3_11.wav	CN_SNneg	11	3	directvalide	2.744	1.1143	f2	f3	0	1	3.744	4.2944	5.4087	6.4087	8.3156	0.0030555	1.0018	3.7454	4.2957	5.4101	6.4105	7.8174	1.4069	0.55035
4	2	32	prosody	4	CPh3_9.wav	SNposh1_9.wav	CP_SNpos	9	2	valid	2.0128	0.95016	h3	h1	8.3156	9.3156	11.3284	12.6492	13.5993	14.5993	17.5255	8.3347	9.3174	11.3298	12.6506	13.6007	14.6012	17.0273	2.4261	1.3208
4	2	32	prosody	4	CNf3_9.wav	SNnegf4_9.wav	CN_SNneg	9	3	directvalide	2.4237	1.7031	f3	f4	17.5255	18.5255	20.9491	22.07	23.7731	24.7731	27.2459	17.5422	18.527	20.9505	22.0717	23.7745	24.7749	26.7477	1.9728	1.1208
4	2	32	prosody	4	CNf4_16.wav	SNnegh1_16.wav	CN_SNneg	16	2	valid	2.1648	0.6656	f4	h1	27.2459	28.2459	30.4107	31.5123	32.1779	33.1779	37.3693	27.2631	28.2473	30.4121	31.5138	32.1793	33.1794	36.8708	3.6914	1.1016
4	2	32	prosody	4	CNf1_8.wav	SPnegh2_8.wav	CN_SPneg	8	2	valid	1.8561	0.8742	f1	h2	37.3693	38.3693	40.2254	40.9302	41.8044	42.8044	44.8735	37.3852	38.3709	40.2268	40.9319	41.8058	42.8057	44.3749	1.5692	0.70476
4	2	32	prosody	4	CNh4_15.wav	SPnegf3_15.wav	CN_SPneg	15	2	valid	2.4177	1.1146	h4	f3	44.8735	45.8735	48.2912	49.708	50.8225	51.8225	53.5262	44.8894	45.8753	48.2927	49.7093	50.8245	51.8248	53.0286	1.2037	1.4167
4	2	32	prosody	4	CPf4_9.wav	SPposf1_9.wav	CP_SPpos	9	4	valid	2.0725	1.1707	f4	f1	53.5262	54.5262	56.5987	57.7713	58.942	59.942	61.455	53.5434	54.528	56.6	57.7734	58.9434	59.9438	60.9568	1.013	1.1726
4	2	32	prosody	4	CPh2_7.wav	SNposf2_7.wav	CP_SNpos	7	2	valid	2.1103	0.99991	h2	f2	61.455	62.455	64.5652	65.7312	66.7311	67.7311	70.9193	61.4716	62.4568	64.5667	65.733	66.7324	67.7327	70.4209	2.6882	1.166
4	2	32	prosody	4	CPf2_7.wav	SPposh3_7.wav	CP_SPpos	7	5	valid	1.8314	1.1129	f2	h3	70.9193	71.9193	73.7506	74.5795	75.6925	76.6925	80.2789	70.9357	71.9211	73.752	74.5813	75.6939	76.6942	79.7807	3.0864	0.82887
4	2	32	prosody	4	CNf2_1.wav	SPnegf3_1.wav	CN_SPneg	1	2	valid	2.315	1.1436	f2	f3	80.2789	81.2789	83.5939	84.7702	85.9138	86.9138	89.4379	80.2954	81.2807	83.5952	84.7719	85.9151	86.9157	88.9399	2.0242	1.1763
4	2	32	prosody	4	CPf1_10.wav	SPposf3_10.wav	CP_SPpos	10	4	valid	1.7244	0.9346	f1	f3	89.4379	90.4379	92.1623	93.2718	94.2064	95.2064	97.3695	89.4539	90.4398	92.1637	93.2732	94.2078	95.2079	96.871	1.6631	1.1094
4	2	32	prosody	4	CPh2_13.wav	SPposh1_13.wav	CP_SPpos	13	3	directvalide	1.8256	0.73794	h2	h1	97.3695	98.3695	100.1951	101.4287	102.1666	103.1666	105.3568	97.386	98.3713	100.1966	101.4305	102.168	103.1685	104.8587	1.6902	1.2336
4	2	32	prosody	4	CPh4_15.wav	SPposh1_15.wav	CP_SPpos	15	3	directvalide	2.3266	0.77653	h4	h1	105.3568	106.3568	108.6834	110.0836	110.8602	111.8602	114.1873	105.3733	106.3586	108.6847	110.0851	110.8616	111.8618	113.6889	1.8271	1.4003
4	2	32	prosody	4	CNh3_3.wav	SPnegh4_3.wav	CN_SPneg	3	3	valid	2.8388	1.1162	h3	h4	114.1873	115.1873	118.0261	119.1087	120.2249	121.2249	124.6751	114.2041	115.1891	118.0274	119.1105	120.2263	121.2266	124.1768	2.9502	1.0826
4	2	32	prosody	4	CPf1_15.wav	SNposh1_15.wav	CP_SNpos	15	4	valid	1.4716	0.93569	f1	h1	124.6751	125.6751	127.1467	127.6601	128.5958	129.5958	132.283	124.6912	125.6769	127.1481	127.6619	128.5972	129.5976	131.7847	2.1872	0.51341
4	2	32	prosody	4	CNh1_4.wav	SPnegh2_4.wav	CN_SPneg	4	3	directvalide	1.7749	1.3093	h1	h2	132.283	133.283	135.0579	136.0192	137.3284	138.3284	141.5098	132.3	133.2847	135.0592	136.0209	137.3299	138.3303	141.0117	2.6814	0.9613
4	2	32	prosody	4	CNh2_14.wav	SNnegh4_14.wav	CN_SNneg	14	2	valid	1.8744	1.1815	h2	h4	141.5098	142.5098	144.3843	145.4468	146.6283	147.6283	150.4492	141.5271	142.5116	144.3857	145.4485	146.6298	147.63	149.9509	2.3209	1.0625
4	2	32	prosody	4	CPh3_16.wav	SPposh2_16.wav	CP_SPpos	16	2	valid	1.9799	0.73596	h3	h2	150.4492	151.4492	153.4291	154.5758	155.3118	156.3118	157.4185	150.47	151.451	153.4305	154.5776	155.3132	156.3136	156.9202	0.60667	1.1467
4	2	32	prosody	4	CPh1_8.wav	SNposh2_8.wav	CP_SNpos	8	2	valid	1.4807	0.88234	h1	h2	157.4185	158.4185	159.8992	160.6556	161.5379	162.5379	165.6241	157.4481	158.4203	159.9005	160.6574	161.5393	162.5397	165.1259	2.5862	0.75642
4	2	32	prosody	4	CPf3_14.wav	SNposh3_14.wav	CP_SNpos	14	2	valid	2.2174	1.2057	f3	h3	165.6241	166.6241	168.8415	169.3571	170.5628	171.5628	173.4449	165.6411	166.626	168.8429	169.3584	170.5643	171.5645	172.9467	1.3821	0.51561
4	2	32	prosody	4	CNh4_14.wav	SPnegf1_14.wav	CN_SPneg	14	3	directvalide	2.6	1.0112	h4	f1	173.4449	174.4449	177.0449	177.8838	178.8949	179.8949	180.9098	173.4596	174.4467	177.0463	177.8855	178.8964	179.8967	180.4116	0.51485	0.83883
4	2	32	prosody	4	CNh2_12.wav	SPnegh4_12.wav	CN_SPneg	12	2	valid	2.094	1.0407	h2	h4	180.9098	181.9098	184.0038	184.7692	185.8099	186.8099	189.7703	180.93	181.9115	184.0051	184.7709	185.8113	186.8114	189.2717	2.4603	0.7654
4	2	32	prosody	4	CNf2_2.wav	SPnegf1_2.wav	CN_SPneg	2	2	valid	1.969	1.4385	f2	f1	189.7703	190.7703	192.7393	193.6139	195.0524	196.0524	198	189.7847	190.7721	192.7411	193.6156	195.0538	196.0542	197.5018	1.4477	0.87458
4	2	32	prosody	4	CPh4_14.wav	SPposf1_14.wav	CP_SPpos	14	4	valid	2.2474	1.0714	h4	f1	198	199	201.2475	202.2118	203.2832	204.2832	205.4191	198.0206	199.0015	201.2488	202.2136	203.2845	204.285	204.9209	0.63596	0.96436
4	2	32	prosody	4	CPf4_3.wav	SNposh3_3.wav	CP_SNpos	3	2	valid	2.1392	1.0605	f4	h3	205.4191	206.4191	208.5583	209.7731	210.8336	211.8336	214.5651	205.4359	206.421	208.5597	209.7748	210.835	211.8354	214.0669	2.2315	1.2148
4	2	32	prosody	4	CNh2_6.wav	SNnegf4_6.wav	CN_SNneg	6	2	valid	2.4152	1.0978	h2	f4	214.5651	215.5651	217.9803	219.2231	220.3209	221.3209	224.4986	214.5819	215.5668	217.9817	219.2264	220.3223	221.3228	224.0006	2.6777	1.2428
4	2	32	prosody	4	CNh2_13.wav	SNnegf1_13.wav	CN_SNneg	13	3	directvalide	2.3461	0.90884	h2	f1	224.4986	225.4986	227.8447	229.0193	229.9281	230.9281	233.4659	224.5158	225.5004	227.8462	229.0208	229.9295	230.93	232.9678	2.0378	1.1745
4	2	32	prosody	4	CNf1_11.wav	SPnegf3_11.wav	CN_SPneg	11	2	valid	2.1186	1.19	f1	f3	233.4659	234.4659	236.5846	237.6733	238.8633	239.8633	240.9825	233.4832	234.4677	236.586	237.675	238.8647	239.8651	240.4843	0.61924	1.0887
4	2	32	prosody	4	CNh2_2.wav	SNnegh3_2.wav	CN_SNneg	2	2	valid	1.8826	1.3186	h2	h3	240.9825	241.9825	243.8651	244.5558	245.8744	246.8744	247.8696	241.0051	241.9844	243.8665	244.5581	245.8758	246.8762	247.3714	0.49525	0.69064
4	2	32	prosody	4	CPf2_12.wav	SNposf1_12.wav	CP_SNpos	12	3	directvalide	1.8493	0.81823	f2	f1	247.8696	248.8696	250.7189	252.0146	252.8328	253.8328	256.0179	247.8923	248.8714	250.7203	252.0162	252.8342	253.8345	255.5196	1.685	1.2957
4	2	32	prosody	4	CPf3_16.wav	SNposh4_16.wav	CP_SNpos	16	1	valid	2.0749	0.70388	f3	h4	256.0179	257.0179	259.0927	260.3321	261.036	262.036	266.8576	256.0325	257.0196	259.0941	260.3338	261.0373	262.0376	266.3593	4.3217	1.2394
4	2	32	prosody	4	CNf2_8.wav	SNnegf1_8.wav	CN_SNneg	8	4	valid	2.4114	0.94544	f2	f1	266.8576	267.8576	270.2691	271.5325	272.478	273.478	276.2951	266.8784	267.8593	270.2704	271.5342	272.4793	273.4797	275.7968	2.3171	1.2635
4	2	32	prosody	4	CNh3_5.wav	SPnegf1_5.wav	CN_SPneg	5	4	valid	1.9799	0.95098	h3	f1	276.2951	277.2951	279.275	280.0015	280.9525	281.9525	286.1228	276.3121	277.2969	279.2763	280.0033	280.9539	281.9543	285.6245	3.6703	0.72657
4	2	32	prosody	4	CPf4_11.wav	SPposh1_11.wav	CP_SPpos	11	4	valid	2.9292	0.73311	f4	h1	286.1228	287.1228	290.052	291.4624	292.1955	293.1955	294.4382	286.1404	287.1247	290.0534	291.464	292.1968	293.1971	293.9399	0.74276	1.4104
4	2	32	prosody	4	CNh2_10.wav	SNnegf2_10.wav	CN_SNneg	10	3	directvalide	2.0737	0.90413	h2	f2	294.4382	295.4382	297.5119	298.1303	299.0344	300.0344	301.0972	294.4744	295.44	297.5133	298.132	299.0358	300.0361	300.5989	0.56281	0.61834
4	2	32	prosody	4	CPf4_5.wav	SNposh3_5.wav	CP_SNpos	5	2	valid	2.4223	0.89519	f4	h3	301.0972	302.0972	304.5195	305.0507	305.9459	306.9459	309.3501	301.1132	302.0991	304.5209	305.0525	305.9474	306.9476	308.8517	1.9042	0.53121
4	2	32	prosody	4	CNf3_5.wav	SNnegh1_5.wav	CN_SNneg	5	2	valid	1.9773	0.95016	f3	h1	309.3501	310.3501	312.3273	312.9971	313.9472	314.9472	317.3872	309.3659	310.3515	312.3287	312.9987	313.9487	314.9489	316.8889	1.94	0.66974
4	2	32	prosody	4	CPh2_12.wav	SPposf4_12.wav	CP_SPpos	12	3	directvalide	1.9761	1.1388	h2	f4	317.3872	318.3872	320.3633	321.2911	322.4299	323.4299	325.8061	317.404	318.389	320.3647	321.2929	322.4313	323.4317	325.3079	1.8762	0.92774
4	2	32	prosody	4	CPf4_6.wav	SNposf3_6.wav	CP_SNpos	6	3	valid	2.2631	1.1576	f4	f3	325.8061	326.8061	329.0692	330.3054	331.4629	332.4629	335.8984	325.8223	326.8081	329.0706	330.3071	331.4643	332.4645	335.3999	2.9354	1.2362
4	2	32	prosody	4	CPf3_2.wav	SPposh3_2.wav	CP_SPpos	2	5	valid	1.923	1.488	f3	h3	335.8984	336.8984	338.8214	339.7888	341.2767	342.2767	345.2315	335.9152	336.9002	338.8227	339.7907	341.2782	342.2781	344.7329	2.4548	0.96741
4	2	32	prosody	4	CPf1_1.wav	SNposh1_1.wav	CP_SNpos	1	3	directvalide	2.1233	0.97426	f1	h1	345.2315	346.2315	348.3549	348.955	349.9293	350.9293	352.3501	345.2484	346.2332	348.3563	348.9567	349.9306	350.9309	351.8518	0.92085	0.60016
4	2	32	prosody	4	CPh1_6.wav	SPposf1_6.wav	CP_SPpos	6	4	valid	1.8135	1.0834	h1	f1	352.3501	353.3501	355.1636	356.5331	357.6165	358.6165	360.54	352.3663	353.3518	355.165	356.5347	357.6179	358.6183	360.0417	1.4234	1.3695
4	2	32	prosody	4	CNh1_9.wav	SPnegf1_9.wav	CN_SPneg	9	2	valid	2.0758	1.3602	h1	f1	360.54	361.54	363.6158	364.5554	365.9157	366.9157	369.1689	360.5578	361.5418	363.6172	364.5571	365.9171	366.9175	368.6707	1.7532	0.93966
4	2	32	prosody	4	CNf2_4.wav	SNnegf4_4.wav	CN_SNneg	4	2	valid	2.0256	1.6621	f2	f4	369.1689	370.1689	372.1945	373.2679	374.93	375.93	377.9714	369.1859	370.1707	372.1959	373.2697	374.9314	375.9314	377.4728	1.5414	1.0734
4	2	32	prosody	4	CNf1_15.wav	SNnegf2_15.wav	CN_SNneg	15	3	directvalide	1.716	0.95492	f1	f2	377.9714	378.9714	380.6874	381.5833	382.5382	383.5382	385.1654	377.9872	378.9732	380.6888	381.585	382.5397	383.5399	384.667	1.1271	0.89587
4	2	32	prosody	4	CNh1_7.wav	SNnegh3_7.wav	CN_SNneg	7	4	valid	2.101	1.0686	h1	h3	385.1654	386.1654	388.2663	389.0215	390.0901	391.0901	394.0293	385.1804	386.1672	388.2677	389.0231	390.0915	391.0916	393.5308	2.4392	0.7552
4	2	32	prosody	4	CPh4_13.wav	SNposf2_13.wav	CP_SNpos	13	2	valid	2.061	1.0318	h4	f2	394.0293	395.0293	397.0903	398.2609	399.2927	400.2927	402.0693	394.0456	395.031	397.0917	398.2625	399.2941	400.2944	401.571	1.2766	1.1706
4	2	32	prosody	4	CNf2_3.wav	SNnegf1_3.wav	CN_SNneg	3	2	valid	3.1465	1.1616	f2	f1	402.0693	403.0693	406.2158	407.0711	408.2327	409.2327	411.6371	402.0856	403.0712	406.2172	407.0728	408.2341	409.2344	411.1388	1.9044	0.85529
4	2	32	prosody	4	CPf3_4.wav	SNposh2_4.wav	CP_SNpos	4	2	valid	2.5889	1.4882	f3	h2	411.6371	412.6371	415.226	416.0023	417.4904	418.4904	423.0987	411.6531	412.6387	415.2274	416.004	417.4918	418.4922	422.6004	4.1082	0.77629
4	2	32	prosody	4	CPf3_8.wav	SPposh1_8.wav	CP_SPpos	8	4	valid	1.6434	0.95016	f3	h1	423.0987	424.0987	425.742	426.3567	427.3068	428.3068	429.3764	423.1224	424.1004	425.7434	426.3584	427.3082	428.3085	428.878	0.56952	0.61466
4	2	32	prosody	4	CPh2_3.wav	SPposh3_3.wav	CP_SPpos	3	4	valid	1.8591	1.125	h2	h3	429.3764	430.3764	432.2354	432.8864	434.0115	435.0115	436.63	429.3935	430.3779	432.2368	432.8879	434.0129	435.0132	436.1317	1.1185	0.65099
4	2	32	prosody	4	CPf3_10.wav	SNposf2_10.wav	CP_SNpos	10	2	valid	1.7297	0.85333	f3	f2	436.63	437.63	439.3596	440.7933	441.6466	442.6466	444.1099	436.6581	437.6317	439.361	440.7949	441.6481	442.6486	443.6118	0.96324	1.4337
4	2	32	prosody	4	CPf3_4.wav	SPposf4_4.wav	CP_SPpos	4	4	valid	2.5889	1.6416	f3	f4	444.1099	445.1099	447.6987	448.4916	450.1332	451.1332	452.8306	444.1269	445.1115	447.7002	448.4931	450.1347	451.1348	452.3321	1.1974	0.79287
4	2	32	prosody	4	CNf4_6.wav	SPnegh3_6.wav	CN_SPneg	6	3	directvalide	2.8984	1.1089	f4	h3	452.8306	453.8306	456.729	458.009	459.118	460.118	461.4041	452.8535	453.8322	456.7304	458.0105	459.1193	460.1196	460.9058	0.78615	1.2801
4	2	32	prosody	4	CNh3_12.wav	SNnegh4_12.wav	CN_SNneg	12	4	valid	2.1734	0.79941	h3	h4	461.4041	462.4041	464.5776	465.2229	466.0223	467.0223	468.5583	461.4206	462.4058	464.5789	465.2245	466.0237	467.0248	468.0609	1.036	0.6453
4	2	32	prosody	4	CPh2_2.wav	SNposf2_2.wav	CP_SNpos	2	2	valid	1.663	1.1267	h2	f2	468.5583	469.5583	471.2213	472.074	473.2007	474.2007	476.6101	468.575	469.5598	471.2227	472.0755	473.2021	474.2024	476.1118	1.9094	0.85269
4	2	32	prosody	4	CNf3_13.wav	SPnegf4_13.wav	CN_SPneg	13	3	directvalide	2.2212	0.99007	f3	f4	476.6101	477.6101	479.8313	480.9186	481.9087	482.9087	485.2931	476.6267	477.6118	479.8327	480.9203	481.9101	482.9102	484.7946	1.8844	1.0873
4	2	32	prosody	4	CPh2_1.wav	SPposf1_1.wav	CP_SPpos	1	4	valid	2.1184	0.93592	h2	f1	485.2931	486.2931	488.4116	489.4417	490.3777	491.3777	494.2882	485.3098	486.2949	488.413	489.4433	490.3791	491.3793	493.7899	2.4106	1.0302
4	2	32	prosody	4	CNf4_10.wav	SPnegh1_10.wav	CN_SPneg	10	3	directvalide	2.3613	1.1431	f4	h1	494.2882	495.2882	497.6495	498.4979	499.641	500.641	503.3383	494.3043	495.2899	497.6509	498.4996	499.6424	500.6427	502.84	2.1973	0.84835
4	2	32	prosody	4	CPh1_11.wav	SNposh4_11.wav	CP_SNpos	11	4	valid	2.344	1.0106	h1	h4	503.3383	504.3383	506.6823	507.9777	508.9883	509.9883	512.4352	503.3594	504.3399	506.6837	507.9798	508.9897	509.9901	511.9369	1.9469	1.2954
4	2	32	prosody	4	CPf2_5.wav	SPposh2_5.wav	CP_SPpos	5	3	directvalide	2.1539	0.8254	f2	h2	512.4352	513.4352	515.5891	516.4353	517.2607	518.2607	520.7339	512.4514	513.4368	515.5911	516.4369	517.2621	518.2623	520.2355	1.9732	0.8462
4	2	32	prosody	4	CNh1_7.wav	SPnegf2_7.wav	CN_SPneg	7	2	valid	2.101	0.91574	h1	f2	520.7339	521.7339	523.8349	524.4388	525.3545	526.3545	528.0672	520.7512	521.7354	523.8362	524.4404	525.356	526.3561	527.5688	1.2127	0.60392
4	2	32	prosody	4	CNf3_16.wav	SPnegh3_16.wav	CN_SPneg	16	1	valid	1.8798	0.79438	f3	h3	528.0672	529.0672	530.9469	532.4124	533.2068	534.2068	536.5823	528.0833	529.0687	530.9483	532.414	533.2082	534.2085	536.084	1.8755	1.4655
4	2	32	prosody	4	CNf3_1.wav	SNnegf4_1.wav	CN_SNneg	1	4	valid	2.1499	1.3081	f3	f4	536.5823	537.5823	539.7322	541.0358	542.3439	543.3439	545.3482	536.6187	537.584	539.7336	541.0373	542.3453	543.3455	544.8497	1.5042	1.3036
