subID	 genre	 age	 task	 run	 Context 	 Statement	 Condition_name	 Situation	 Evaluation_Score	 Validation_Type	 Time_Context	 Time_Statement	 Voice_Context	 Voice_Statement	 Time_Onset	 Time_Onset_Context	 Time_End_Context	 Time_Onset_Statement	 Time_End_Statement	 Onset_Evaluation	 End_Evaluation	 Real_Time_Onset	 Real_Time_Onset_Context	 Real_Time_End_Context	 Real_Time_Onset_Statement	 Real_Time_End_Statement	 Real_Time_Onset_Evaluation	 Real_Time_End_Evaluation	 RT	 Jitter
27	2	25	sarcasm	4	CPf2_15.wav	SNposf3_15.wav	CP_SNpos	15	3	valid	1.8626	1.2249	f2	f3	0	1	2.8626	3.4326	4.6575	5.6575	10.2202	0.0025645	1.0018	2.8642	3.4341	4.659	5.6591	9.7219	4.0627	0.57003
27	2	25	sarcasm	4	CNh3_3.wav	SNnegf1_3.wav	CN_SNneg	3	1	valid	2.8388	1.1616	h3	f1	10.2202	11.2202	14.059	15.191	16.3526	17.3526	19.5433	10.238	11.2218	14.0604	15.1927	16.354	17.3543	19.0449	1.6906	1.132
27	2	25	sarcasm	4	CNh3_2.wav	SPnegf2_2.wav	CN_SPneg	2	5	valid	1.8451	1.4316	h3	f2	19.5433	20.5433	22.3884	23.856	25.2876	26.2876	28.1692	19.5595	20.5449	22.3897	23.8576	25.289	26.2893	27.6709	1.3816	1.4676
27	2	25	sarcasm	4	CNf4_14.wav	SNnegf1_14.wav	CN_SNneg	14	2	valid	2.3239	1.0232	f4	f1	28.1692	29.1692	31.4931	32.0607	33.0839	34.0839	35.8783	28.1865	29.1708	31.4945	32.0624	33.0853	34.0855	35.3799	1.2944	0.56764
27	2	25	sarcasm	4	CNh3_16.wav	SNnegh2_16.wav	CN_SNneg	16	1	valid	1.863	0.72782	h3	h2	35.8783	36.8783	38.7413	39.3581	40.0859	41.0859	42.9022	35.8946	36.8799	38.7426	39.3597	40.0873	41.0876	42.4039	1.3163	0.61679
27	2	25	sarcasm	4	CNf3_2.wav	SNnegh2_2.wav	CN_SNneg	2	1	valid	1.7522	1.1344	f3	h2	42.9022	43.9022	45.6543	46.6635	47.798	48.798	51.8437	42.9168	43.9038	45.6557	46.6649	47.7993	48.7998	51.3456	2.5458	1.0092
27	2	25	sarcasm	4	CPf4_9.wav	SPposf2_9.wav	CP_SPpos	9	2	valid	2.0725	1.1349	f4	f2	51.8437	52.8437	54.9162	56.0384	57.1733	58.1733	59.94	51.8605	52.8454	54.9175	56.04	57.1747	58.175	59.4418	1.2667	1.1222
27	2	25	sarcasm	4	CNh3_9.wav	SNnegh2_9.wav	CN_SNneg	9	1	valid	2.246	1.2279	h3	h2	59.94	60.94	63.1861	64.1791	65.407	66.407	67.6588	59.9573	60.9415	63.1874	64.181	65.4084	66.4087	67.1605	0.75182	0.99304
27	2	25	sarcasm	4	CPf1_13.wav	SNposf3_13.wav	CP_SNpos	13	2	valid	1.7154	1.0618	f1	f3	67.6588	68.6588	70.3742	71.2611	72.3229	73.3229	76.8357	67.6769	68.6604	70.3756	71.2629	72.3243	73.3247	76.3375	3.0128	0.88689
27	2	25	sarcasm	4	CNf1_11.wav	SPnegh4_11.wav	CN_SPneg	11	4	valid	2.1186	0.9754	f1	h4	76.8357	77.8357	79.9544	80.6978	81.6732	82.6732	84.2764	76.853	77.8373	79.9558	80.6994	81.6745	82.6747	83.7779	1.1032	0.74343
27	2	25	sarcasm	4	CNf4_15.wav	SPnegh3_15.wav	CN_SPneg	15	5	valid	2.2631	1.1976	f4	h3	84.2764	85.2764	87.5395	88.6496	89.8472	90.8472	92.0662	84.2931	85.2781	87.5409	88.6512	89.8487	90.8488	91.5678	0.71899	1.1101
27	2	25	sarcasm	4	CNh1_7.wav	SPnegf3_7.wav	CN_SPneg	7	4	valid	2.101	1.1581	h1	f3	92.0662	93.0662	95.1672	96.4992	97.6573	98.6573	100.4654	92.0829	93.068	95.1685	96.5005	97.6586	98.6588	99.9669	1.3081	1.332
27	2	25	sarcasm	4	CNh4_7.wav	SNnegh1_7.wav	CN_SNneg	7	1	valid	2.5525	0.90426	h4	h1	100.4654	101.4654	104.0178	104.6309	105.5351	106.5351	107.8021	100.4817	101.467	104.0192	104.6326	105.5364	106.5368	107.3038	0.767	0.61303
27	2	25	sarcasm	4	CPh3_4.wav	SNposh1_4.wav	CP_SNpos	4	1	valid	2.3227	1.1439	h3	h1	107.8021	108.8021	111.1248	111.736	112.8799	113.8799	116.1093	107.8185	108.8038	111.1261	111.7375	112.8813	113.8815	115.6109	1.7294	0.61116
27	2	25	sarcasm	4	CPh1_7.wav	SNposf3_7.wav	CP_SNpos	7	2	valid	1.7797	1.2103	h1	f3	116.1093	117.1093	118.889	119.9673	121.1777	122.1777	125.0943	116.1261	117.1109	118.8904	119.9689	121.1791	122.1793	124.5959	2.4166	1.0783
27	2	25	sarcasm	4	CPf3_8.wav	SNposf4_8.wav	CP_SNpos	8	1	valid	1.6434	1.026	f3	f4	125.0943	126.0943	127.7377	128.4728	129.4988	130.4988	131.9921	125.1106	126.0959	127.739	128.4745	129.5	130.5005	131.4938	0.99332	0.73513
27	2	25	sarcasm	4	CNh2_14.wav	SPnegf2_14.wav	CN_SPneg	14	3	directvalide	1.8744	1.0173	h2	f2	131.9921	132.9921	134.8666	136.3155	137.3328	138.3328	140.4473	132.0083	132.9939	134.8679	136.3171	137.3342	138.3344	139.9489	1.6146	1.4489
27	2	25	sarcasm	4	CNf3_12.wav	SPnegh3_12.wav	CN_SPneg	12	4	valid	1.9961	0.96778	f3	h3	140.4473	141.4473	143.4434	144.6781	145.6458	146.6458	150.3447	140.4641	141.4489	143.4448	144.6796	145.6475	146.6477	149.8466	3.1989	1.2347
27	2	25	sarcasm	4	CPh2_16.wav	SPposh3_16.wav	CP_SPpos	16	2	valid	2.0086	0.82261	h2	h3	150.3447	151.3447	153.3533	154.5939	155.4165	156.4165	158.6953	150.361	151.3463	153.3548	154.5955	155.4179	156.418	158.1968	1.7788	1.2406
27	2	25	sarcasm	4	CPh3_8.wav	SPposh4_8.wav	CP_SPpos	8	1	valid	1.5807	0.9251	h3	h4	158.6953	159.6953	161.276	162.2659	163.191	164.191	165.506	158.7124	159.6969	161.2775	162.2674	163.1924	164.1926	165.0076	0.81505	0.98987
27	2	25	sarcasm	4	CNf2_4.wav	SPnegh3_4.wav	CN_SPneg	4	3	directvalide	2.0256	1.2944	f2	h3	165.506	166.506	168.5316	169.4345	170.7289	171.7289	173.8045	165.5259	166.5076	168.533	169.4362	170.7309	171.7312	173.3068	1.5756	0.90289
27	2	25	sarcasm	4	CNh1_12.wav	SNnegh3_12.wav	CN_SNneg	12	2	valid	1.8513	0.88308	h1	h3	173.8045	174.8045	176.6558	177.3126	178.1956	179.1956	183.2308	173.8219	174.806	176.6572	177.3144	178.1975	179.1977	182.7328	3.5352	0.65671
27	2	25	sarcasm	4	CPh4_11.wav	SPposf2_11.wav	CP_SPpos	11	1	valid	3.2936	0.89397	h4	f2	183.2308	184.2308	187.5244	188.5419	189.4359	190.4359	191.3764	183.2473	184.2324	187.5258	188.5434	189.4372	190.4376	190.878	0.44048	1.0175
27	2	25	sarcasm	4	CNh3_13.wav	SNnegh1_13.wav	CN_SNneg	13	1	valid	2.3791	0.81029	h3	h1	191.3764	192.3764	194.7555	195.5689	196.3792	197.3792	198.569	191.3954	192.3779	194.7569	195.5704	196.3809	197.381	198.0708	0.68982	0.81341
27	2	25	sarcasm	4	CNh4_4.wav	SNnegh2_4.wav	CN_SNneg	4	1	valid	2.2869	1.3702	h4	h2	198.569	199.569	201.8559	203.2594	204.6297	205.6297	207.6364	198.5859	199.5705	201.8572	203.2611	204.6311	205.6312	207.138	1.5067	1.4035
27	2	25	sarcasm	4	CNf3_16.wav	SPnegh4_16.wav	CN_SPneg	16	5	valid	1.8798	1.081	f3	h4	207.6364	208.6364	210.5162	211.7191	212.8	213.8	214.7914	207.6527	208.6381	210.5176	211.7206	212.8014	213.8016	214.2929	0.49137	1.2029
27	2	25	sarcasm	4	CNf2_11.wav	SNnegh4_11.wav	CN_SNneg	11	1	valid	2.744	0.8346	f2	h4	214.7914	215.7914	218.5354	219.6178	220.4524	221.4524	222.4913	214.8072	215.793	218.5368	219.6193	220.4536	221.4539	221.9928	0.53891	1.0823
27	2	25	sarcasm	4	CPh4_11.wav	SNposh2_11.wav	CP_SNpos	11	2	valid	3.2936	0.85794	h4	h2	222.4913	223.4913	226.7849	227.6962	228.5541	229.5541	232.8964	222.5065	223.4928	226.7862	227.6977	228.5556	229.5557	232.3979	2.8422	0.9113
27	2	25	sarcasm	4	CNf3_10.wav	SNnegh4_10.wav	CN_SNneg	10	1	valid	2.1863	0.90499	f3	h4	232.8964	233.8964	236.0827	237.2865	238.1914	239.1914	241.3449	232.9139	233.8979	236.0841	237.2881	238.1928	239.193	240.8465	1.6535	1.2038
27	2	25	sarcasm	4	CPf4_10.wav	SNposh2_10.wav	CP_SNpos	10	2	valid	1.9699	0.8376	f4	h2	241.3449	242.3449	244.3148	245.4901	246.3277	247.3277	249.177	241.3624	242.3465	244.3162	245.4918	246.329	247.3293	248.6785	1.3493	1.1753
27	2	25	sarcasm	4	CNh4_13.wav	SPnegf1_13.wav	CN_SPneg	13	4	valid	2.5239	0.8637	h4	f1	249.177	250.177	252.7009	253.2678	254.1315	255.1315	256.7033	249.1932	250.1785	252.7022	253.2694	254.1329	255.133	256.2048	1.0717	0.56695
27	2	25	sarcasm	4	CPf1_6.wav	SNposh1_6.wav	CP_SNpos	6	3	valid	1.932	0.92122	f1	h1	256.7033	257.7033	259.6353	260.5691	261.4904	262.4904	264.5965	256.7189	257.7048	259.6367	260.5707	261.4918	262.492	264.0981	1.6062	0.93382
27	2	25	sarcasm	4	CPh2_7.wav	SPposh4_7.wav	CP_SPpos	7	1	valid	2.1103	1.0357	h2	h4	264.5965	265.5965	267.7068	268.4312	269.4669	270.4669	271.7523	264.6138	265.598	267.7082	268.4327	269.4683	270.4685	271.2539	0.78536	0.72441
27	2	25	sarcasm	4	CPf3_13.wav	SPposh3_13.wav	CP_SPpos	13	1	valid	1.7859	0.9839	f3	h3	271.7523	272.7523	274.5382	275.4604	276.4443	277.4443	279.435	271.769	272.7538	274.5396	275.4618	276.446	277.446	278.9367	1.4907	0.92223
27	2	25	sarcasm	4	CPf1_14.wav	SPposf2_14.wav	CP_SPpos	14	1	valid	1.9952	1.013	f1	f2	279.435	280.435	282.4303	283.3815	284.3945	285.3945	286.3254	279.4511	280.4363	282.4317	283.3832	284.3959	285.396	285.8269	0.43087	0.95125
27	2	25	sarcasm	4	CPh3_5.wav	SPposf3_5.wav	CP_SPpos	5	2	valid	2.3388	0.95782	h3	f3	286.3254	287.3254	289.6642	290.2063	291.1642	292.1642	294.2302	286.343	287.3269	289.6655	290.2079	291.1656	292.1657	293.7317	1.566	0.5422
27	2	25	sarcasm	4	CNf3_6.wav	SPnegh2_6.wav	CN_SPneg	6	3	valid	2.4988	1.1182	f3	h2	294.2302	295.2302	297.729	298.5804	299.6986	300.6986	304.294	294.2456	295.2317	297.7309	298.5819	299.7	300.7001	303.7955	3.0954	0.85142
27	2	25	sarcasm	4	CPf3_2.wav	SNposh1_2.wav	CP_SNpos	2	2	valid	1.923	1.0129	f3	h1	304.294	305.294	307.2171	308.1742	309.1871	310.1871	312.9351	304.3102	305.2958	307.2184	308.1757	309.1884	310.1887	312.4367	2.248	0.95718
27	2	25	sarcasm	4	CPh2_1.wav	SPposf2_1.wav	CP_SPpos	1	1	valid	2.1184	1.0405	h2	f2	312.9351	313.9351	316.0536	317.3518	318.3923	319.3923	320.8913	312.9513	313.9366	316.055	317.3534	318.3937	319.3938	320.3928	0.99898	1.2982
27	2	25	sarcasm	4	CPf3_3.wav	SPposh1_3.wav	CP_SPpos	3	1	valid	1.8647	0.91639	f3	h1	320.8913	321.8913	323.756	324.2569	325.1733	326.1733	327.3353	320.9075	321.8928	323.7574	324.2585	325.1747	326.1748	326.8368	0.66198	0.50087
27	2	25	sarcasm	4	CNh3_9.wav	SPnegf3_9.wav	CN_SPneg	9	4	valid	2.246	1.2742	h3	f3	327.3353	328.3353	330.5813	331.6149	332.8891	333.8891	337.1373	327.3513	328.3368	330.5826	331.6164	332.8905	333.8906	336.6388	2.7482	1.0336
27	2	25	sarcasm	4	CPf1_14.wav	SNposf4_14.wav	CP_SNpos	14	3	directvalide	1.9952	1.4518	f1	f4	337.1373	338.1373	340.1325	340.7694	342.2211	343.2211	345.5892	337.1536	338.1388	340.1339	340.7709	342.2226	343.2227	345.0908	1.8681	0.63685
27	2	25	sarcasm	4	CPh1_4.wav	SPposf4_4.wav	CP_SPpos	4	2	valid	2.0088	1.6416	h1	f4	345.5892	346.5892	348.598	349.107	350.7486	351.7486	354.5452	345.6051	346.5907	348.5994	349.1085	350.7499	351.7501	354.0467	2.2966	0.50905
27	2	25	sarcasm	4	CNh3_6.wav	SNnegf3_6.wav	CN_SNneg	6	1	valid	2.4477	1.1299	h3	f3	354.5452	355.5452	357.9928	358.8843	360.0142	361.0142	363.8703	354.5613	355.5467	357.9943	358.8858	360.0155	361.0157	363.3719	2.3561	0.89149
27	2	25	sarcasm	4	CPf2_10.wav	SPposh3_10.wav	CP_SPpos	10	5	valid	2.1819	1.0605	f2	h3	363.8703	364.8703	367.0523	367.611	368.6715	369.6715	371.1052	363.8861	364.8719	367.0537	367.6126	368.6729	369.6731	370.6068	0.93367	0.55875
27	2	25	sarcasm	4	CPf3_12.wav	SNposf4_12.wav	CP_SNpos	12	3	directvalide	1.8798	1.0568	f3	f4	371.1052	372.1052	373.985	375.4668	376.5236	377.5236	379.204	371.122	372.1067	373.9863	375.4683	376.525	377.5253	378.7057	1.1805	1.4819
27	2	25	sarcasm	4	CNh4_8.wav	SNnegh3_8.wav	CN_SNneg	8	1	valid	2.0463	0.95163	h4	h3	379.204	380.204	382.2503	383.5198	384.4715	385.4715	386.8028	379.2199	380.2055	382.2517	383.5213	384.4728	385.4731	386.3044	0.8313	1.2695
27	2	25	sarcasm	4	CPf1_9.wav	SNposh1_9.wav	CP_SNpos	9	3	directvalide	1.917	0.95016	f1	h1	386.8028	387.8028	389.7198	390.58	391.5301	392.5301	394.335	386.8199	387.8043	389.7212	390.5815	391.5315	392.5316	393.8365	1.3049	0.86021
27	2	25	sarcasm	4	CPh2_6.wav	SPposf4_6.wav	CP_SPpos	6	1	valid	2.1103	1.3697	h2	f4	394.335	395.335	397.4453	398.3638	399.7335	400.7335	402.0875	394.3516	395.3365	397.4467	398.3653	399.7349	400.735	401.589	0.85394	0.91853
27	2	25	sarcasm	4	CNh3_15.wav	SNnegf2_15.wav	CN_SNneg	15	2	valid	2.0439	0.95492	h3	f2	402.0875	403.0875	405.1314	405.7257	406.6806	407.6806	408.8271	402.1024	403.089	405.1327	405.7273	406.682	407.6821	408.3286	0.6465	0.59432
27	2	25	sarcasm	4	CNh4_1.wav	SPnegf3_1.wav	CN_SPneg	1	3	directvalide	2.6198	1.1436	h4	f3	408.8271	409.8271	412.447	413.5782	414.7218	415.7218	417.0991	408.8416	409.8287	412.4483	413.5797	414.7232	415.7234	416.6007	0.87729	1.1313
27	2	25	sarcasm	4	CNf3_3.wav	SPnegh2_3.wav	CN_SPneg	3	4	valid	2.8553	1.045	f3	h2	417.0991	418.0991	420.9544	422.1452	423.1902	424.1902	426.1144	417.1158	418.1006	420.9558	422.1468	423.1915	424.1917	425.6159	1.4242	1.1909
27	2	25	sarcasm	4	CNh3_8.wav	SPnegf2_8.wav	CN_SPneg	8	4	valid	2.0439	0.92735	h3	f2	426.1144	427.1144	429.1583	430.5957	431.5231	432.5231	433.6129	426.1305	427.1159	429.1597	430.5975	431.5246	432.5246	433.1145	0.58984	1.4374
27	2	25	sarcasm	4	CNf4_5.wav	SPnegh1_5.wav	CN_SPneg	5	5	valid	2.2631	1.254	f4	h1	433.6129	434.6129	436.876	437.6965	438.9505	439.9505	441.6216	433.6277	434.6144	436.8774	437.698	438.9519	439.9519	441.123	1.171	0.82054
27	2	25	sarcasm	4	CPh3_12.wav	SPposf3_12.wav	CP_SPpos	12	1	valid	1.9436	0.87946	h3	f3	441.6216	442.6216	444.5652	446.0305	446.9099	447.9099	449.3461	441.6374	442.6231	444.5666	446.032	446.9113	447.9114	448.8476	0.93619	1.4653
27	2	25	sarcasm	4	CNf2_10.wav	SPnegh3_10.wav	CN_SPneg	10	4	valid	2.2019	1	f2	h3	449.3461	450.3461	452.548	453.0789	454.0789	455.0789	458.05	449.3671	450.3479	452.5494	453.0809	454.0808	455.0809	457.5519	2.4711	0.53091
27	2	25	sarcasm	4	CPh4_16.wav	SNposh2_16.wav	CP_SNpos	16	3	directvalide	2.5525	0.64651	h4	h2	458.05	459.05	461.6025	462.6452	463.2918	464.2918	466.3952	458.0684	459.0515	461.6038	462.6468	463.2932	464.2933	465.8967	1.6034	1.0428
27	2	25	sarcasm	4	CPf3_2.wav	SPposh1_2.wav	CP_SPpos	2	1	valid	1.923	1.254	f3	h1	466.3952	467.3952	469.3182	470.5601	471.8141	472.8141	473.9455	466.4113	467.3965	469.3195	470.5616	471.8155	472.8155	473.4469	0.63137	1.2419
27	2	25	sarcasm	4	CPh2_5.wav	SNposh1_5.wav	CP_SNpos	5	4	valid	2.2688	0.9405	h2	h1	473.9455	474.9455	477.2144	478.0671	479.0076	480.0076	483.3814	473.9619	474.9475	477.2158	478.0686	479.0091	480.0091	482.8829	2.8738	0.85275
27	2	25	sarcasm	4	CNh2_1.wav	SNnegh3_1.wav	CN_SNneg	1	1	valid	2.1835	1.2863	h2	h3	483.3814	484.3814	486.5649	487.6885	488.9748	489.9748	491.1733	483.3972	484.3829	486.5662	487.69	488.9763	489.9763	490.6748	0.69849	1.1236
27	2	25	sarcasm	4	CPh3_1.wav	SNposf4_1.wav	CP_SNpos	1	3	valid	2.0823	1.2466	h3	f4	491.1733	492.1733	494.2556	495.5948	496.8414	497.8414	501.0872	491.1894	492.1748	494.2571	495.5963	496.8428	497.8429	500.5887	2.7458	1.3391
27	2	25	sarcasm	4	CPf4_15.wav	SPposh1_15.wav	CP_SPpos	15	2	valid	1.9186	0.77653	f4	h1	501.0872	502.0872	504.0058	504.8928	505.6694	506.6694	508.4533	501.1027	502.0886	504.0071	504.8943	505.6708	506.6709	507.9548	1.2839	0.88707
27	2	25	sarcasm	4	CPh4_3.wav	SNposh2_3.wav	CP_SNpos	3	3	directvalide	2.1244	1.1263	h4	h2	508.4533	509.4533	511.5777	512.77	513.8963	514.8963	517.7138	508.4686	509.4547	511.5792	512.7715	513.8977	514.898	517.2155	2.3175	1.1923
27	2	25	sarcasm	4	CNh2_5.wav	SNnegf2_5.wav	CN_SNneg	5	1	valid	2.09	1.0681	h2	f2	517.7138	518.7138	520.8038	521.92	522.9881	523.9881	526.955	517.7307	518.7152	520.8051	521.9214	522.9894	523.9896	526.4565	2.4669	1.1162
