subID	 genre	 age	 group	 task	 run	 Context 	 Statement	 Condition_name	 Situation	 Condition_code	 Evaluation_Score	 Validation_Type	 Evaluation_Score_2	 Validation_Type_2	 Time_Context	 Time_Statement	 Voice_Context	 Voice_Statement	 Time_Onset	 Time_Onset_Context	 Time_End_Context	 Time_Onset_Statement	 Time_End_Statement	 Onset_Evaluation	 End_Evaluation	 Onset_Evaluation2	 End_Evaluation2	 Real_Time_Onset	 Real_Time_Onset_Context	 Real_Time_End_Context	 Real_Time_Onset_Statement	 Real_Time_End_Statement	 Real_Time_Onset_Evaluation	 Real_Time_End_Evaluation	 RT	 Real_Time_Onset_Evaluation2	 Time_End_Evaluation2	 RT2
32	1	20	1	tom	3	CPf1_15.wav	SPposf4_15.wav	CP_SPpos	15	1	5	nonvalid	NaN	NaN	1.4716	1.1029	f1	f4	0	1	2.4716	3.4716	4.5745	5.5745	9.5745	NaN	NaN	0.0086384	1.0098	2.4776	3.479	4.5797	5.5811	NaN	NaN	NaN	NaN	NaN
32	1	20	1	tom	3	CNf2_16.wav	SPnegf1_16.wav	CN_SPneg	16	5	4	valid	NaN	NaN	1.9283	0.87574	f2	f1	9.5745	10.5745	12.5028	13.5028	14.3785	15.3785	19.3785	NaN	NaN	9.6514	10.5861	12.5043	13.5057	14.3895	15.3908	17.6902	2.2994	NaN	NaN	NaN
32	1	20	1	tom	3	CNf4_11.wav	SPposh4_11.wav	CN_SPpos	11	5	2	valid	NaN	NaN	2.3907	0.88991	f4	h4	19.3785	20.3785	22.7692	23.7692	24.6591	25.6591	29.6591	NaN	NaN	19.3948	20.3958	22.7812	23.7826	24.6664	25.6678	28.1622	2.4944	NaN	NaN	NaN
32	1	20	1	tom	3	CNf1_13.wav	SPnegh2_13.wav	CN_SPneg	13	5	5	directvalide	NaN	NaN	2.227	0.8742	f1	h2	29.6591	30.6591	32.8861	33.8861	34.7603	35.7603	39.7603	NaN	NaN	29.6718	30.6728	32.8912	33.8927	34.7766	35.7779	36.4737	0.69577	NaN	NaN	NaN
32	1	20	1	tom	3	CPf2_12.wav	SPnegf1_12.wav	CP_SPneg	12	4	4	valid	NaN	NaN	1.8493	0.9871	f2	f1	39.7603	40.7603	42.6095	43.6095	44.5966	45.5966	49.5966	NaN	NaN	39.7652	40.7662	42.6177	43.619	44.603	45.6043	47.2137	1.6094	NaN	NaN	NaN
32	1	20	1	tom	3	CNh1_14.wav	SNposf3_14.wav	CN_SNpos	14	4	2	valid	NaN	NaN	1.9124	1.2307	h1	f3	49.5966	50.5966	52.509	53.509	54.7397	55.7397	59.7397	NaN	NaN	49.6083	50.6095	52.5111	53.5123	54.7465	55.7478	57.2185	1.4706	NaN	NaN	NaN
32	1	20	1	tom	3	CPf1_9.wav	SPposf4_9.wav	CP_SPpos	9	1	1	valid	NaN	NaN	1.917	1.4774	f1	f4	59.7397	60.7397	62.6567	63.6567	65.1341	66.1341	70.1341	NaN	NaN	59.7518	60.7529	62.671	63.6724	65.1401	66.1415	67.0098	0.86829	NaN	NaN	NaN
32	1	20	1	tom	3	CNh1_10.wav	SPposf2_10.wav	CN_SPpos	10	5	1	valid	NaN	NaN	1.8328	0.87946	h1	f2	70.1341	71.1341	72.9669	73.9669	74.8463	75.8463	79.8463	NaN	NaN	70.1456	71.1465	72.9813	73.9828	74.8499	75.8512	77.3943	1.543	NaN	NaN	NaN
32	1	20	1	tom	3	CNf2_10.wav	SPnegh2_10.wav	CN_SPneg	10	5	3	valid	NaN	NaN	2.023	0.92705	f2	h2	79.8463	80.8463	82.8693	83.8693	84.7964	85.7964	89.7964	NaN	NaN	79.8552	80.8563	82.8748	83.8759	84.81	85.8111	87.5461	1.735	NaN	NaN	NaN
32	1	20	1	tom	3	CNf1_10.wav	SNposh3_10.wav	CN_SNpos	10	4	1	valid	NaN	NaN	2.1186	0.81857	f1	h3	89.7964	90.7964	92.915	93.915	94.7336	95.7336	99.7336	NaN	NaN	89.7985	90.7996	92.9181	93.9193	94.7363	95.7378	97.2583	1.5204	NaN	NaN	NaN
32	1	20	1	tom	3	CNh1_11.wav	SPnegh4_11.wav	CN_SPneg	11	5	2	directvalide	NaN	NaN	2.0088	0.9754	h1	h4	99.7336	100.7336	102.7423	103.7423	104.7177	105.7177	109.7177	NaN	NaN	99.7418	100.7428	102.7443	103.7458	104.7296	105.7311	106.6822	0.95115	NaN	NaN	NaN
32	1	20	1	tom	3	CPh4_10.wav	SPnegh1_10.wav	CP_SPneg	10	4	5	valid	NaN	NaN	1.9518	1.1431	h4	h1	109.7177	110.7177	112.6695	113.6695	114.8126	115.8126	119.8126	NaN	NaN	109.7351	110.7195	112.6709	113.6722	114.8234	115.8244	117.5697	1.7453	NaN	NaN	NaN
32	1	20	1	tom	3	CPf4_13.wav	SPnegh2_13.wav	CP_SPneg	13	4	5	valid	NaN	NaN	2.0673	0.8742	f4	h2	119.8126	120.8126	122.88	123.88	124.7542	125.7542	129.7542	NaN	NaN	119.8284	120.8296	122.8812	123.8825	124.7665	125.7677	127.2178	1.4501	NaN	NaN	NaN
32	1	20	1	tom	3	CPf1_13.wav	SNnegh2_13.wav	CP_SNneg	13	4	5	valid	NaN	NaN	1.7154	0.99211	f1	h2	129.7542	130.7542	132.4695	133.4695	134.4617	135.4617	139.4617	NaN	NaN	129.7718	130.7561	132.4741	133.4755	134.4764	135.4775	136.9542	1.4767	NaN	NaN	NaN
32	1	20	1	tom	3	CPf4_12.wav	SNnegf1_12.wav	CP_SNneg	12	4	5	directvalide	NaN	NaN	2.2631	0.76739	f4	f1	139.4617	140.4617	142.7247	143.7247	144.4921	145.4921	149.4921	NaN	NaN	139.4648	140.4658	142.7342	143.7357	144.5026	145.5044	147.6258	2.1214	NaN	NaN	NaN
32	1	20	1	tom	3	CNf4_15.wav	SNposh4_15.wav	CN_SNpos	15	4	5	directvalide	NaN	NaN	2.2631	1.0357	f4	h4	149.4921	150.4921	152.7552	153.7552	154.7909	155.7909	159.7909	NaN	NaN	149.5082	150.5091	152.761	153.7624	154.7963	155.7977	158.0337	2.236	NaN	NaN	NaN
32	1	20	1	tom	3	CNh4_14.wav	SNnegf4_14.wav	CN_SNneg	14	1	4	valid	NaN	NaN	2.3888	1.262	h4	f4	159.7909	160.7909	163.1797	164.1797	165.4416	166.4416	170.4416	NaN	NaN	159.8017	160.8028	163.1883	164.1896	165.4572	166.4584	169.698	3.2396	NaN	NaN	NaN
32	1	20	1	tom	3	CPf2_13.wav	SPposf1_13.wav	CP_SPpos	13	1	1	valid	NaN	NaN	1.913	1.0322	f2	f1	170.4416	171.4416	173.3546	174.3546	175.3868	176.3868	180.3868	NaN	NaN	170.4457	171.4467	173.3648	174.3662	175.4004	176.4016	178.0102	1.6085	NaN	NaN	NaN
32	1	20	1	tom	3	CPh2_9.wav	SPnegf3_9.wav	CP_SPneg	9	4	2	valid	NaN	NaN	1.9802	1.2742	h2	f3	180.3868	181.3868	183.3669	184.3669	185.6411	186.6411	190.6411	NaN	NaN	180.3888	181.3901	183.375	184.3763	185.6441	186.6452	188.1143	1.4691	NaN	NaN	NaN
32	1	20	1	tom	3	CNf4_12.wav	SNposf3_12.wav	CN_SNpos	12	4	1	valid	NaN	NaN	2.3907	0.83669	f4	f3	190.6411	191.6411	194.0318	195.0318	195.8685	196.8685	200.8685	NaN	NaN	190.6495	191.6501	194.0358	195.0369	195.8709	196.8721	197.7777	0.90562	NaN	NaN	NaN
32	1	20	1	tom	3	CNh1_13.wav	SNposf3_13.wav	CN_SNpos	13	4	1	valid	NaN	NaN	1.881	1.0618	h1	f3	200.8685	201.8685	203.7495	204.7495	205.8113	206.8113	210.8113	NaN	NaN	200.8763	201.8771	203.7619	204.7632	205.814	206.8153	208.3698	1.5545	NaN	NaN	NaN
32	1	20	1	tom	3	CPf1_16.wav	SNnegh2_16.wav	CP_SNneg	16	4	5	valid	NaN	NaN	1.7906	0.72782	f1	h2	210.8113	211.8113	213.602	214.602	215.3298	216.3298	220.3298	NaN	NaN	210.8196	211.8202	213.6053	214.6068	215.3402	216.3414	218.2177	1.8762	NaN	NaN	NaN
32	1	20	1	tom	3	CPh4_12.wav	SNposf3_12.wav	CP_SNpos	12	4	3	valid	NaN	NaN	2.1412	0.83669	h4	f3	220.3298	221.3298	223.4709	224.4709	225.3076	226.3076	230.3076	NaN	NaN	220.3455	221.3466	223.4816	224.483	225.3169	226.3182	228.2981	1.9799	NaN	NaN	NaN
32	1	20	1	tom	3	CPf1_10.wav	SPposf3_10.wav	CP_SPpos	10	1	3	directvalide	NaN	NaN	1.7244	0.9346	f1	f3	230.3076	231.3076	233.032	234.032	234.9666	235.9666	239.9666	NaN	NaN	230.3222	231.3232	233.0412	234.0425	234.9766	235.9778	237.9063	1.9285	NaN	NaN	NaN
32	1	20	1	tom	3	CPf3_16.wav	SPposh4_16.wav	CP_SPpos	16	1	3	valid	NaN	NaN	2.0749	0.79941	f3	h4	239.9666	240.9666	243.0415	244.0415	244.8409	245.8409	249.8409	NaN	NaN	239.9818	240.9828	243.0511	244.0525	244.853	245.8543	248.0656	2.2112	NaN	NaN	NaN
32	1	20	1	tom	3	CNf3_14.wav	SPnegh2_14.wav	CN_SPneg	14	5	4	valid	NaN	NaN	1.9585	1.2157	f3	h2	249.8409	250.8409	252.7994	253.7994	255.0152	256.0152	260.0152	NaN	NaN	249.8583	250.8426	252.8108	253.8121	255.0297	256.0312	258.314	2.2829	NaN	NaN	NaN
32	1	20	1	tom	3	CPh3_14.wav	SNposh4_14.wav	CP_SNpos	14	4	4	directvalide	NaN	NaN	2.0404	1.0961	h3	h4	260.0152	261.0152	263.0556	264.0556	265.1516	266.1516	270.1516	NaN	NaN	260.0185	261.0192	263.0712	264.0725	265.1566	266.1576	267.4342	1.2766	NaN	NaN	NaN
32	1	20	1	tom	3	CPf4_12.wav	SPposh1_12.wav	CP_SPpos	12	1	1	valid	NaN	NaN	2.2631	0.81029	f4	h1	270.1516	271.1516	273.4147	274.4147	275.225	276.225	280.225	NaN	NaN	270.1619	271.163	273.4315	274.4162	275.2333	276.2346	278.4342	2.1996	NaN	NaN	NaN
32	1	20	1	tom	3	CNf2_16.wav	SNnegh4_16.wav	CN_SNneg	16	1	5	valid	NaN	NaN	1.9283	0.73907	f2	h4	280.225	281.225	283.1532	284.1532	284.8923	285.8923	289.8923	NaN	NaN	280.2386	281.2402	283.1581	284.1597	284.91	285.8942	288.0336	2.1393	NaN	NaN	NaN
32	1	20	1	tom	3	CNh2_9.wav	SPnegf3_9.wav	CN_SPneg	9	5	5	valid	NaN	NaN	2.521	1.2742	h2	f3	289.8923	290.8923	293.4132	294.4132	295.6874	296.6874	300.6874	NaN	NaN	289.8983	290.8998	293.4181	294.4198	295.7038	296.7051	298.4821	1.777	NaN	NaN	NaN
32	1	20	1	tom	3	CPf3_16.wav	SPnegf2_16.wav	CP_SPneg	16	4	2	directvalide	NaN	NaN	2.0749	0.72127	f3	f2	300.6874	301.6874	303.7623	304.7623	305.4836	306.4836	310.4836	NaN	NaN	300.6925	301.6935	303.7785	304.7805	305.4968	306.4982	308.4738	1.9755	NaN	NaN	NaN
32	1	20	1	tom	3	CPf3_9.wav	SNnegh2_9.wav	CP_SNneg	9	4	5	valid	NaN	NaN	2.1912	1.2279	f3	h2	310.4836	311.4836	313.6747	314.6747	315.9026	316.9026	320.9026	NaN	NaN	310.4855	311.4865	313.6883	314.6898	315.9073	316.9092	317.8101	0.90086	NaN	NaN	NaN
32	1	20	1	tom	3	CNh3_15.wav	SPnegh4_15.wav	CN_SPneg	15	5	3	valid	NaN	NaN	2.0439	1.0458	h3	h4	320.9026	321.9026	323.9466	324.9466	325.9924	326.9924	330.9924	NaN	NaN	320.9126	321.914	323.9485	324.9504	326.0006	327.002	329.9134	2.9114	NaN	NaN	NaN
32	1	20	1	tom	3	CNf2_16.wav	SNposh3_16.wav	CN_SNpos	16	4	3	valid	NaN	NaN	1.9283	0.81857	f2	h3	330.9924	331.9924	333.9206	334.9206	335.7392	336.7392	340.7392	NaN	NaN	331.0061	332.0067	333.9252	334.9288	335.7436	336.7449	340.2179	3.4729	NaN	NaN	NaN
32	1	20	1	tom	3	CPh4_13.wav	SNposh1_13.wav	CP_SNpos	13	4	4	valid	NaN	NaN	1.8935	0.8537	h4	h1	340.7392	341.7392	343.6327	344.6327	345.4864	346.4864	350.4864	NaN	NaN	340.749	341.75	343.6351	344.6363	345.5036	346.4883	348.802	2.3136	NaN	NaN	NaN
32	1	20	1	tom	3	CPf2_11.wav	SPposf4_11.wav	CP_SPpos	11	1	3	valid	NaN	NaN	2.5876	1.2825	f2	f4	350.4864	351.4864	354.074	355.074	356.3564	357.3564	361.3564	NaN	NaN	350.4921	351.4932	354.0787	355.0808	356.3642	357.3657	359.2258	1.8601	NaN	NaN	NaN
32	1	20	1	tom	3	CNh4_13.wav	SPposf3_13.wav	CN_SPpos	13	5	4	valid	NaN	NaN	2.5239	0.9317	h4	f3	361.3564	362.3564	364.8804	365.8804	366.8121	367.8121	371.8121	NaN	NaN	361.3704	362.3706	364.8894	365.8908	366.8248	367.8261	370.025	2.1988	NaN	NaN	NaN
32	1	20	1	tom	3	CNf2_9.wav	SNposf3_9.wav	CN_SNpos	9	4	3	valid	NaN	NaN	2.2949	1.3207	f2	f3	371.8121	372.8121	375.107	376.107	377.4277	378.4277	382.4277	NaN	NaN	371.8134	372.8146	375.1164	376.1178	377.4358	378.4368	380.6015	2.1647	NaN	NaN	NaN
32	1	20	1	tom	3	CPh1_11.wav	SNposh4_11.wav	CP_SNpos	11	4	3	directvalide	NaN	NaN	2.344	1.0106	h1	h4	382.4277	383.4277	385.7718	386.7718	387.7823	388.7823	392.7823	NaN	NaN	382.4407	383.4417	385.777	386.7785	387.7956	388.7971	390.1941	1.397	NaN	NaN	NaN
32	1	20	1	tom	3	CNh4_9.wav	SNnegf4_9.wav	CN_SNneg	9	1	4	directvalide	NaN	NaN	2.5709	1.7031	h4	f4	392.7823	393.7823	396.3532	397.3532	399.0563	400.0563	404.0563	NaN	NaN	392.7845	393.7851	396.3544	397.3558	399.0569	400.0583	400.9698	0.91151	NaN	NaN	NaN
32	1	20	1	tom	3	CPh1_14.wav	SPnegf2_14.wav	CP_SPneg	14	4	3	valid	NaN	NaN	1.7412	1.0173	h1	f2	404.0563	405.0563	406.7975	407.7975	408.8148	409.8148	413.8148	NaN	NaN	404.0622	405.0632	406.798	407.8161	408.8167	409.8181	413.7857	3.9676	NaN	NaN	NaN
32	1	20	1	tom	3	CPh2_15.wav	SPnegf3_15.wav	CP_SPneg	15	4	3	directvalide	NaN	NaN	1.6427	1.1146	h2	f3	413.8148	414.8148	416.4575	417.4575	418.572	419.572	423.572	NaN	NaN	413.9222	414.8231	416.4743	417.4593	418.5764	419.5778	420.3216	0.74383	NaN	NaN	NaN
32	1	20	1	tom	3	CNf2_12.wav	SPposh2_12.wav	CN_SPpos	12	5	5	valid	NaN	NaN	2.1421	0.8742	f2	h2	423.572	424.572	426.7142	427.7142	428.5884	429.5884	433.5884	NaN	NaN	423.5819	424.5828	426.7179	427.7197	428.6031	429.6051	432.0414	2.4362	NaN	NaN	NaN
32	1	20	1	tom	3	CNf2_11.wav	SNnegf1_11.wav	CN_SNneg	11	1	4	valid	NaN	NaN	2.5211	0.84263	f2	f1	433.5884	434.5884	437.1095	438.1095	438.9521	439.9521	443.9521	NaN	NaN	433.5917	434.5928	437.1116	438.113	438.9635	439.9648	442.5213	2.5565	NaN	NaN	NaN
32	1	20	1	tom	3	CNf4_10.wav	SNnegf1_10.wav	CN_SNneg	10	1	1	directvalide	NaN	NaN	2.3613	0.8607	f4	f1	443.9521	444.9521	447.3134	448.3134	449.1741	450.1741	454.1741	NaN	NaN	443.9697	444.9709	447.3218	448.3239	449.1903	450.1921	451.0813	0.88925	NaN	NaN	NaN
32	1	20	1	tom	3	CPh3_15.wav	SNnegf4_15.wav	CP_SNneg	15	4	5	valid	NaN	NaN	1.4517	1.421	h3	f4	454.1741	455.1741	456.6258	457.6258	459.0467	460.0467	464.0467	NaN	NaN	454.1801	455.1807	456.6311	457.6325	459.0501	460.0516	462.0658	2.0142	NaN	NaN	NaN
32	1	20	1	tom	3	CNf3_13.wav	SNnegh3_13.wav	CN_SNneg	13	1	3	nonvalid	NaN	NaN	2.2212	0.97181	f3	h3	464.0467	465.0467	467.2679	468.2679	469.2397	470.2397	474.2397	NaN	NaN	464.0556	465.0573	467.275	468.2765	469.2436	470.2451	NaN	NaN	NaN	NaN	NaN
32	1	20	1	tom	3	CPf4_10.wav	SNnegf2_10.wav	CP_SNneg	10	4	5	valid	NaN	NaN	1.9699	0.90413	f4	f2	474.2397	475.2397	477.2096	478.2096	479.1138	480.1138	484.1138	NaN	NaN	474.2488	475.2503	477.2182	478.2196	479.1203	480.1215	481.4173	1.2958	NaN	NaN	NaN
32	1	20	1	tom	3	CNh2_11.wav	SNposf2_11.wav	CN_SNpos	11	4	1	valid	NaN	NaN	2.2526	0.9346	h2	f2	484.1138	485.1138	487.3663	488.3663	489.3009	490.3009	494.3009	NaN	NaN	484.1256	485.1266	487.3785	488.3803	489.3137	490.3151	491.5376	1.2225	NaN	NaN	NaN
32	1	20	1	tom	3	CPf3_16.wav	SNposh4_16.wav	CP_SNpos	16	4	5	directvalide	NaN	NaN	2.0749	0.70388	f3	h4	494.3009	495.3009	497.3758	498.3758	499.0797	500.0797	504.0797	NaN	NaN	494.3024	495.3035	497.3885	498.3908	499.0901	500.0915	501.2576	1.1661	NaN	NaN	NaN
32	1	20	1	tom	3	CNh2_14.wav	SPposf4_14.wav	CN_SPpos	14	5	4	valid	NaN	NaN	1.8744	1.2568	h2	f4	504.0797	505.0797	506.9541	507.9541	509.2109	510.2109	514.2109	NaN	NaN	504.0959	505.0974	506.9648	507.9661	509.217	510.2192	512.0895	1.8703	NaN	NaN	NaN
32	1	20	1	tom	3	CPh1_11.wav	SNnegf4_11.wav	CP_SNneg	11	4	5	directvalide	NaN	NaN	2.344	1.2517	h1	f4	514.2109	515.2109	517.555	518.555	519.8067	520.8067	524.8067	NaN	NaN	514.2223	515.2234	517.5585	518.5599	519.8109	520.8121	521.6651	0.85299	NaN	NaN	NaN
32	1	20	1	tom	3	CNh4_15.wav	SPposh2_15.wav	CN_SPpos	15	5	3	valid	NaN	NaN	2.2213	0.90673	h4	h2	524.8067	525.8067	528.0279	529.0279	529.9347	530.9347	534.9347	NaN	NaN	524.8179	525.8178	528.0358	529.0371	529.9376	530.9395	533.5696	2.6301	NaN	NaN	NaN
32	1	20	1	tom	3	CPf2_14.wav	SNnegf1_14.wav	CP_SNneg	14	4	5	valid	NaN	NaN	2.2797	1.0232	f2	f1	534.9347	535.9347	538.2144	539.2144	540.2375	541.2375	545.2375	NaN	NaN	534.9437	535.9441	538.2293	539.2306	540.2479	541.2504	542.7218	1.4714	NaN	NaN	NaN
32	1	20	1	tom	3	CPf4_11.wav	SPnegh1_11.wav	CP_SPneg	11	4	4	valid	NaN	NaN	2.9292	1.4469	f4	h1	545.2375	546.2375	549.1667	550.1667	551.6137	552.6137	556.6137	NaN	NaN	545.2533	546.2544	549.1734	550.175	551.6259	552.6274	555.4492	2.8219	NaN	NaN	NaN
32	1	20	1	tom	3	CNf4_16.wav	SPposh1_16.wav	CN_SPpos	16	5	4	valid	NaN	NaN	2.1648	0.71383	f4	h1	556.6137	557.6137	559.7785	560.7785	561.4923	562.4923	566.4923	NaN	NaN	556.6313	557.6156	559.7841	560.7855	561.5025	562.5042	565.61	3.1058	NaN	NaN	NaN
32	1	20	1	tom	3	CNf1_12.wav	SPnegh1_12.wav	CN_SPneg	12	5	3	valid	NaN	NaN	1.9892	1.1383	f1	h1	566.4923	567.4923	569.4816	570.4816	571.6198	572.6198	576.6198	NaN	NaN	566.5079	567.5089	569.4939	570.495	571.6292	572.6322	575.969	3.3368	NaN	NaN	NaN
32	1	20	1	tom	3	CPh4_9.wav	SNposh2_9.wav	CP_SNpos	9	4	5	valid	NaN	NaN	2.3451	1.1995	h4	h2	576.6198	577.6198	579.9649	580.9649	582.1644	583.1644	587.1644	NaN	NaN	576.6357	577.6356	579.9709	580.9723	582.1731	583.1745	584.7215	1.547	NaN	NaN	NaN
32	1	20	1	tom	3	CNh3_9.wav	SPposh1_9.wav	CN_SPpos	9	5	4	valid	NaN	NaN	2.246	0.8344	h3	h1	587.1644	588.1644	590.4104	591.4104	592.2448	593.2448	597.2448	NaN	NaN	587.1798	588.18	590.4146	591.4162	592.2499	593.2512	595.7932	2.5421	NaN	NaN	NaN
32	1	20	1	tom	3	CPf2_10.wav	SNposh4_10.wav	CP_SNpos	10	4	5	valid	NaN	NaN	2.0046	0.81952	f2	h4	597.2448	598.2448	600.2495	601.2495	602.069	603.069	607.069	NaN	NaN	597.2552	598.2563	600.2579	601.2608	602.0764	603.078	605.1611	2.0831	NaN	NaN	NaN
32	1	20	1	tom	3	CNh2_12.wav	SNnegf3_12.wav	CN_SNneg	12	1	1	valid	NaN	NaN	2.094	0.8517	h2	f3	607.069	608.069	610.163	611.163	612.0147	613.0147	617.0147	NaN	NaN	607.0819	608.0828	610.1677	611.1706	612.0196	613.0209	613.9051	0.88421	NaN	NaN	NaN
32	1	20	1	tom	3	CPf2_14.wav	SPposf3_14.wav	CP_SPpos	14	1	1	valid	NaN	NaN	2.2797	1.042	f2	f3	617.0147	618.0147	620.2944	621.2944	622.3364	623.3364	627.3364	NaN	NaN	617.025	618.0258	620.3112	621.2959	622.3466	623.348	624.6894	1.3414	NaN	NaN	NaN
32	1	20	1	tom	3	CNh3_15.wav	SNnegh2_15.wav	CN_SNneg	15	1	2	valid	NaN	NaN	2.0439	1.1873	h3	h2	627.3364	628.3364	630.3803	631.3803	632.5676	633.5676	637.5676	NaN	NaN	627.3519	628.3528	630.3879	631.3904	632.5735	633.5756	635.2095	1.6338	NaN	NaN	NaN
32	1	20	1	tom	3	CPf3_15.wav	SNposf4_15.wav	CP_SNpos	15	4	3	valid	NaN	NaN	1.5646	1.2773	f3	f4	637.5676	638.5676	640.1321	641.1321	642.4095	643.4095	647.4095	NaN	NaN	637.5794	638.5798	640.1477	641.15	642.4166	643.4191	646.6104	3.1913	NaN	NaN	NaN
