subID	 genre	 age	 group	 task	 run	 Context 	 Statement	 Condition_name	 Situation	 Condition_code	 Evaluation_Score	 Validation_Type	 Evaluation_Score_2	 Validation_Type_2	 Time_Context	 Time_Statement	 Voice_Context	 Voice_Statement	 Time_Onset	 Time_Onset_Context	 Time_End_Context	 Time_Onset_Statement	 Time_End_Statement	 Onset_Evaluation	 End_Evaluation	 Onset_Evaluation2	 End_Evaluation2	 Real_Time_Onset	 Real_Time_Onset_Context	 Real_Time_End_Context	 Real_Time_Onset_Statement	 Real_Time_End_Statement	 Real_Time_Onset_Evaluation	 Real_Time_End_Evaluation	 RT	 Real_Time_Onset_Evaluation2	 Time_End_Evaluation2	 RT2
17	2	21	2	prosody	3	CPf2_10.wav	SPposh1_10.wav	CP_SPpos	10	1	4	valid	NaN	NaN	2.0046	0.77653	f2	h1	0	1	3.0046	4.0046	4.7812	5.7812	9.7812	NaN	NaN	0.013229	1.0146	3.0162	4.0176	4.7846	5.786	7.6858	1.8999	NaN	NaN	NaN
17	2	21	2	prosody	3	CNh1_9.wav	SNposh2_9.wav	CN_SNpos	9	4	2	valid	NaN	NaN	2.0758	1.1995	h1	h2	9.7812	10.7812	12.857	13.857	15.0565	16.0565	20.0565	NaN	NaN	9.79	10.7909	12.8594	13.8607	15.0616	16.0628	19.1499	3.0871	NaN	NaN	NaN
17	2	21	2	prosody	3	CPh2_13.wav	SPnegf2_13.wav	CP_SPneg	13	4	5	valid	NaN	NaN	1.8256	0.81125	h2	f2	20.0565	21.0565	22.8821	23.8821	24.6934	25.6934	29.6934	NaN	NaN	20.0669	21.0679	22.886	23.8874	24.7046	25.7059	27.5017	1.7959	NaN	NaN	NaN
17	2	21	2	prosody	3	CNf4_16.wav	SPnegf3_16.wav	CN_SPneg	16	5	2	valid	NaN	NaN	2.1648	0.92299	f4	f3	29.6934	30.6934	32.8582	33.8582	34.7812	35.7812	39.7812	NaN	NaN	29.71	30.7109	32.8627	33.864	34.798	35.7825	36.9502	1.1677	NaN	NaN	NaN
17	2	21	2	prosody	3	CNf3_13.wav	SNposf2_13.wav	CN_SNpos	13	4	1	valid	NaN	NaN	2.2212	1.0318	f3	f2	39.7812	40.7812	43.0024	44.0024	45.0342	46.0342	50.0342	NaN	NaN	39.7866	40.7876	43.0061	44.0075	45.0416	46.0428	47.5216	1.4788	NaN	NaN	NaN
17	2	21	2	prosody	3	CPh1_16.wav	SNposf1_16.wav	CP_SNpos	16	4	1	valid	NaN	NaN	1.7267	0.74934	h1	f1	50.0342	51.0342	52.7609	53.7609	54.5102	55.5102	59.5102	NaN	NaN	50.0469	51.0479	52.7658	53.7672	54.5175	55.519	56.9906	1.4716	NaN	NaN	NaN
17	2	21	2	prosody	3	CNf3_9.wav	SNnegf1_9.wav	CN_SNneg	9	1	3	directvalide	NaN	NaN	2.4237	1.1315	f3	f1	59.5102	60.5102	62.9339	63.9339	65.0655	66.0655	70.0655	NaN	NaN	59.5229	60.5238	62.9427	63.9441	65.0781	66.0795	67.8946	1.8151	NaN	NaN	NaN
17	2	21	2	prosody	3	CNh4_11.wav	SNnegf1_11.wav	CN_SNneg	11	1	2	directvalide	NaN	NaN	2.7602	0.84263	h4	f1	70.0655	71.0655	73.8257	74.8257	75.6683	76.6683	80.6683	NaN	NaN	70.0834	71.0677	73.8369	74.8382	75.6722	76.6734	77.2539	0.58052	NaN	NaN	NaN
17	2	21	2	prosody	3	CPf3_12.wav	SPposf1_12.wav	CP_SPpos	12	1	5	valid	NaN	NaN	1.8798	1.0322	f3	f1	80.6683	81.6683	83.5481	84.5481	85.5803	86.5803	90.5803	NaN	NaN	80.6774	81.6784	83.5632	84.5646	85.5821	86.5833	87.2383	0.65499	NaN	NaN	NaN
17	2	21	2	prosody	3	CNh2_14.wav	SPposf2_14.wav	CN_SPpos	14	5	2	valid	NaN	NaN	1.8744	1.013	h2	f2	90.5803	91.5803	93.4547	94.4547	95.4677	96.4677	100.4677	NaN	NaN	90.5873	91.5881	93.4567	94.4578	95.4752	96.4765	97.8068	1.3304	NaN	NaN	NaN
17	2	21	2	prosody	3	CNh3_13.wav	SPnegf2_13.wav	CN_SPneg	13	5	4	valid	NaN	NaN	2.3791	0.81125	h3	f2	100.4677	101.4677	103.8468	104.8468	105.658	106.658	110.658	NaN	NaN	100.4805	101.4815	103.8505	104.8515	105.6686	106.67	108.8859	2.2159	NaN	NaN	NaN
17	2	21	2	prosody	3	CNh4_15.wav	SPposf2_15.wav	CN_SPpos	15	5	5	valid	NaN	NaN	2.2213	0.86204	h4	f2	110.658	111.658	113.8793	114.8793	115.7413	116.7413	120.7413	NaN	NaN	110.674	111.675	113.8936	114.895	115.7456	116.7466	117.5742	0.8276	NaN	NaN	NaN
17	2	21	2	prosody	3	CNh2_12.wav	SPnegf3_12.wav	CN_SPneg	12	5	2	directvalide	NaN	NaN	2.094	0.96943	h2	f3	120.7413	121.7413	123.8354	124.8354	125.8048	126.8048	130.8048	NaN	NaN	120.7507	121.7517	123.837	124.8381	125.8054	126.8067	127.5579	0.75115	NaN	NaN	NaN
17	2	21	2	prosody	3	CNf3_12.wav	SNnegh3_12.wav	CN_SNneg	12	1	1	directvalide	NaN	NaN	1.9961	0.88308	f3	h3	130.8048	131.8048	133.8008	134.8008	135.6839	136.6839	140.6839	NaN	NaN	130.8108	131.8118	133.8137	134.8149	135.6986	136.7	137.6223	0.92238	NaN	NaN	NaN
17	2	21	2	prosody	3	CPh4_15.wav	SNposf4_15.wav	CP_SNpos	15	4	1	valid	NaN	NaN	2.1375	1.2773	h4	f4	140.6839	141.6839	143.8214	144.8214	146.0988	147.0988	151.0988	NaN	NaN	140.6873	141.6882	143.8236	144.8249	146.1089	147.1102	147.9657	0.85548	NaN	NaN	NaN
17	2	21	2	prosody	3	CNh3_14.wav	SPnegf1_14.wav	CN_SPneg	14	5	3	valid	NaN	NaN	1.8912	1.0112	h3	f1	151.0988	152.0988	153.99	154.99	156.0011	157.0011	161.0011	NaN	NaN	151.1145	152.1153	154.0002	155.0016	156.0023	157.0035	158.8539	1.8503	NaN	NaN	NaN
17	2	21	2	prosody	3	CNf2_13.wav	SPposf4_13.wav	CN_SPpos	13	5	5	valid	NaN	NaN	2.3744	1.0157	f2	f4	161.0011	162.0011	164.3755	165.3755	166.3912	167.3912	171.3912	NaN	NaN	161.0075	162.0086	164.3772	165.3786	166.396	167.3974	167.9743	0.57699	NaN	NaN	NaN
17	2	21	2	prosody	3	CPh4_14.wav	SNnegf3_14.wav	CP_SNneg	14	4	2	valid	NaN	NaN	2.2474	1.1576	h4	f3	171.3912	172.3912	174.6387	175.6387	176.7962	177.7962	181.7962	NaN	NaN	171.4013	172.4022	174.654	175.6554	176.8065	177.8076	178.9256	1.118	NaN	NaN	NaN
17	2	21	2	prosody	3	CPf2_11.wav	SNposf4_11.wav	CP_SNpos	11	4	1	valid	NaN	NaN	2.5876	1.0414	f2	f4	181.7962	182.7962	185.3838	186.3838	187.4251	188.4251	192.4251	NaN	NaN	181.8116	182.8126	185.3982	186.3996	187.4335	188.4351	191.1262	2.691	NaN	NaN	NaN
17	2	21	2	prosody	3	CPf4_10.wav	SNnegh3_10.wav	CP_SNneg	10	4	1	valid	NaN	NaN	1.9699	0.87905	f4	h3	192.4251	193.4251	195.395	196.395	197.2741	198.2741	202.2741	NaN	NaN	192.4391	193.4401	195.4084	196.4094	197.2768	198.278	199.8462	1.5682	NaN	NaN	NaN
17	2	21	2	prosody	3	CNh3_10.wav	SNposh2_10.wav	CN_SNpos	10	4	2	directvalide	NaN	NaN	2.0823	0.8376	h3	h2	202.2741	203.2741	205.3564	206.3564	207.194	208.194	212.194	NaN	NaN	202.2821	203.283	205.3682	206.3697	207.2033	208.2049	209.95	1.7452	NaN	NaN	NaN
17	2	21	2	prosody	3	CNf4_14.wav	SNnegf2_14.wav	CN_SNneg	14	1	3	valid	NaN	NaN	2.3239	0.93896	f4	f2	212.194	213.194	215.5178	216.5178	217.4568	218.4568	222.4568	NaN	NaN	212.2086	213.2095	215.5283	216.5296	217.4635	218.4651	219.5261	1.061	NaN	NaN	NaN
17	2	21	2	prosody	3	CPf3_15.wav	SPposf4_15.wav	CP_SPpos	15	1	5	valid	NaN	NaN	1.5646	1.1029	f3	f4	222.4568	223.4568	225.0214	226.0214	227.1243	228.1243	232.1243	NaN	NaN	222.4689	223.4699	225.0377	226.039	227.1397	228.141	228.6621	0.52112	NaN	NaN	NaN
17	2	21	2	prosody	3	CNf4_11.wav	SNposh1_11.wav	CN_SNpos	11	4	2	valid	NaN	NaN	2.3907	0.83923	f4	h1	232.1243	233.1243	235.515	236.515	237.3542	238.3542	242.3542	NaN	NaN	232.1283	233.1293	235.5315	236.5161	237.3666	238.3681	239.438	1.0699	NaN	NaN	NaN
17	2	21	2	prosody	3	CPf2_12.wav	SNnegh3_12.wav	CP_SNneg	12	4	2	valid	NaN	NaN	1.8493	0.88308	f2	h3	242.3542	243.3542	245.2035	246.2035	247.0866	248.0866	252.0866	NaN	NaN	242.3724	243.3562	245.2078	246.2089	247.0933	248.0948	249.2219	1.127	NaN	NaN	NaN
17	2	21	2	prosody	3	CPf3_12.wav	SPnegh3_12.wav	CP_SPneg	12	4	2	directvalide	NaN	NaN	1.8798	0.96778	f3	h3	252.0866	253.0866	254.9663	255.9663	256.9341	257.9341	261.9341	NaN	NaN	252.0984	253.0994	254.9675	255.9689	256.9362	257.9376	259.3736	1.436	NaN	NaN	NaN
17	2	21	2	prosody	3	CPf2_13.wav	SNnegf3_13.wav	CP_SNneg	13	4	3	valid	NaN	NaN	1.913	1.1068	f2	f3	261.9341	262.9341	264.8471	265.8471	266.9539	267.9539	271.9539	NaN	NaN	261.9416	262.9426	264.8607	265.8621	266.9629	267.9647	269.0694	1.1047	NaN	NaN	NaN
17	2	21	2	prosody	3	CPh1_12.wav	SNposh4_12.wav	CP_SNpos	12	4	4	valid	NaN	NaN	1.696	0.88991	h1	h4	271.9539	272.9539	274.6498	275.6498	276.5398	277.5398	281.5398	NaN	NaN	271.9683	272.9698	274.6538	275.6553	276.5557	277.5575	281.1097	3.5522	NaN	NaN	NaN
17	2	21	2	prosody	3	CNf1_16.wav	SNposh4_16.wav	CN_SNpos	16	4	5	valid	NaN	NaN	1.716	0.70388	f1	h4	281.5398	282.5398	284.2558	285.2558	285.9597	286.9597	290.9597	NaN	NaN	281.5448	282.5454	284.2633	285.2651	285.9651	286.9665	287.8533	0.88686	NaN	NaN	NaN
17	2	21	2	prosody	3	CPf2_9.wav	SNnegf3_9.wav	CP_SNneg	9	4	2	valid	NaN	NaN	1.8779	1.4183	f2	f3	290.9597	291.9597	293.8376	294.8376	296.2559	297.2559	301.2559	NaN	NaN	290.9705	291.9714	293.8396	294.841	296.2586	297.2597	298.9575	1.6978	NaN	NaN	NaN
17	2	21	2	prosody	3	CNf3_15.wav	SNnegf4_15.wav	CN_SNneg	15	1	1	valid	NaN	NaN	2.2024	1.421	f3	f4	301.2559	302.2559	304.4583	305.4583	306.8792	307.8792	311.8792	NaN	NaN	301.2646	302.2655	304.4669	305.4683	306.8859	307.8874	310.142	2.2546	NaN	NaN	NaN
17	2	21	2	prosody	3	CPf4_9.wav	SPnegh4_9.wav	CP_SPneg	9	4	3	directvalide	NaN	NaN	2.0725	1.2318	f4	h4	311.8792	312.8792	314.9517	315.9517	317.1835	318.1835	322.1835	NaN	NaN	311.8914	312.8924	314.9606	315.9621	317.1963	318.1974	319.5898	1.3925	NaN	NaN	NaN
17	2	21	2	prosody	3	CNh3_14.wav	SNposh4_14.wav	CN_SNpos	14	4	3	valid	NaN	NaN	1.8912	1.0961	h3	h4	322.1835	323.1835	325.0747	326.0747	327.1707	328.1707	332.1707	NaN	NaN	322.2017	323.1858	325.0876	326.0888	327.1728	328.1744	329.8772	1.7028	NaN	NaN	NaN
17	2	21	2	prosody	3	CNf4_12.wav	SNposf2_12.wav	CN_SNpos	12	4	4	valid	NaN	NaN	2.3907	0.89977	f4	f2	332.1707	333.1707	335.5614	336.5614	337.4612	338.4612	342.4612	NaN	NaN	332.1783	333.179	335.5646	336.5658	337.4666	338.4679	339.3573	0.8894	NaN	NaN	NaN
17	2	21	2	prosody	3	CPf2_14.wav	SPposf3_14.wav	CP_SPpos	14	1	4	valid	NaN	NaN	2.2797	1.042	f2	f3	342.4612	343.4612	345.7408	346.7408	347.7828	348.7828	352.7828	NaN	NaN	342.4719	343.4729	345.7414	346.7428	347.7935	348.795	351.1173	2.3222	NaN	NaN	NaN
17	2	21	2	prosody	3	CNh4_10.wav	SNnegf1_10.wav	CN_SNneg	10	1	3	directvalide	NaN	NaN	2.1066	0.8607	h4	f1	352.7828	353.7828	355.8895	356.8895	357.7502	358.7502	362.7502	NaN	NaN	352.7994	353.7998	355.9016	356.9026	357.7535	358.7547	359.7013	0.94655	NaN	NaN	NaN
17	2	21	2	prosody	3	CNh1_9.wav	SPposf3_9.wav	CN_SPpos	9	5	4	valid	NaN	NaN	2.0758	1.3322	h1	f3	362.7502	363.7502	365.826	366.826	368.1582	369.1582	373.1582	NaN	NaN	362.7588	363.7598	365.8282	366.8296	368.1637	369.1652	370.4056	1.2404	NaN	NaN	NaN
17	2	21	2	prosody	3	CPh4_9.wav	SPposf1_9.wav	CP_SPpos	9	1	5	valid	NaN	NaN	2.3451	1.1707	h4	f1	373.1582	374.1582	376.5033	377.5033	378.674	379.674	383.674	NaN	NaN	373.1692	374.1702	376.5054	377.5066	378.6909	379.6755	380.5656	0.89007	NaN	NaN	NaN
17	2	21	2	prosody	3	CNf2_11.wav	SPposf1_11.wav	CN_SPpos	11	5	5	valid	NaN	NaN	2.5211	1.1195	f2	f1	383.674	384.674	387.1951	388.1951	389.3146	390.3146	394.3146	NaN	NaN	383.6797	384.6807	387.1995	388.2006	389.3183	390.3196	392.4457	2.1261	NaN	NaN	NaN
17	2	21	2	prosody	3	CNf4_16.wav	SNnegh4_16.wav	CN_SNneg	16	1	1	valid	NaN	NaN	2.1648	0.73907	f4	h4	394.3146	395.3146	397.4794	398.4794	399.2185	400.2185	404.2185	NaN	NaN	394.3232	395.3242	397.4932	398.4941	399.2281	400.2292	401.3255	1.0963	NaN	NaN	NaN
17	2	21	2	prosody	3	CPh2_15.wav	SPnegh1_15.wav	CP_SPneg	15	4	1	valid	NaN	NaN	1.6427	1.4035	h2	h1	404.2185	405.2185	406.8611	407.8611	409.2647	410.2647	414.2647	NaN	NaN	404.2332	405.2342	406.8691	407.8705	409.2714	410.2733	410.8216	0.54824	NaN	NaN	NaN
17	2	21	2	prosody	3	CNf3_15.wav	SPnegf1_15.wav	CN_SPneg	15	5	1	valid	NaN	NaN	2.2024	1.0834	f3	f1	414.2647	415.2647	417.4671	418.4671	419.5505	420.5505	424.5505	NaN	NaN	414.2769	415.2778	417.4797	418.481	419.5652	420.5664	421.5414	0.97498	NaN	NaN	NaN
17	2	21	2	prosody	3	CNh3_16.wav	SPposf1_16.wav	CN_SPpos	16	5	5	valid	NaN	NaN	1.863	0.90583	h3	f1	424.5505	425.5505	427.4135	428.4135	429.3193	430.3193	434.3193	NaN	NaN	424.5542	425.5554	427.4229	428.4247	429.3248	430.326	431.1482	0.82212	NaN	NaN	NaN
17	2	21	2	prosody	3	CPf4_16.wav	SPnegf2_16.wav	CP_SPneg	16	4	4	valid	NaN	NaN	2.2631	0.72127	f4	f2	434.3193	435.3193	437.5823	438.5823	439.3036	440.3036	444.3036	NaN	NaN	434.3303	435.331	437.583	438.5839	439.318	440.3198	441.1181	0.79833	NaN	NaN	NaN
17	2	21	2	prosody	3	CPh3_10.wav	SNposh1_10.wav	CP_SNpos	10	4	2	valid	NaN	NaN	1.8993	0.77653	h3	h1	444.3036	445.3036	447.2029	448.2029	448.9794	449.9794	453.9794	NaN	NaN	444.3068	445.3078	447.2093	448.2115	448.9945	449.9955	450.6614	0.6659	NaN	NaN	NaN
17	2	21	2	prosody	3	CNh1_9.wav	SPnegf3_9.wav	CN_SPneg	9	5	3	valid	NaN	NaN	2.0758	1.2742	h1	f3	453.9794	454.9794	457.0552	458.0552	459.3294	460.3294	464.3294	NaN	NaN	453.9831	454.9841	457.0691	458.0708	459.3381	460.339	461.5493	1.2103	NaN	NaN	NaN
17	2	21	2	prosody	3	CPf3_13.wav	SPposh4_13.wav	CP_SPpos	13	1	5	valid	NaN	NaN	1.7859	0.95528	f3	h4	464.3294	465.3294	467.1154	468.1154	469.0706	470.0706	474.0706	NaN	NaN	464.3443	465.3442	467.1291	468.1306	469.0812	470.0837	470.9089	0.82527	NaN	NaN	NaN
17	2	21	2	prosody	3	CPf1_15.wav	SNnegf2_15.wav	CP_SNneg	15	4	2	valid	NaN	NaN	1.4716	0.95492	f1	f2	474.0706	475.0706	476.5423	477.5423	478.4972	479.4972	483.4972	NaN	NaN	474.0864	475.0875	476.5553	477.5566	478.5072	479.5083	480.3889	0.88068	NaN	NaN	NaN
17	2	21	2	prosody	3	CNf2_12.wav	SPposh3_12.wav	CN_SPpos	12	5	4	valid	NaN	NaN	2.1421	1.0081	f2	h3	483.4972	484.4972	486.6393	487.6393	488.6474	489.6474	493.6474	NaN	NaN	483.5126	484.5144	486.6487	487.6508	488.6507	489.652	491.9809	2.3289	NaN	NaN	NaN
17	2	21	2	prosody	3	CPh4_9.wav	SNposf3_9.wav	CP_SNpos	9	4	4	valid	NaN	NaN	2.3451	1.3207	h4	f3	493.6474	494.6474	496.9925	497.9925	499.3132	500.3132	504.3132	NaN	NaN	493.6559	494.657	497.009	497.9942	499.3279	500.3291	501.6373	1.3082	NaN	NaN	NaN
17	2	21	2	prosody	3	CPf1_11.wav	SPnegh4_11.wav	CP_SPneg	11	4	2	valid	NaN	NaN	2.5099	0.9754	f1	h4	504.3132	505.3132	507.8231	508.8231	509.7985	510.7985	514.7985	NaN	NaN	504.3167	505.3175	507.8367	508.8379	509.8051	510.8065	511.5168	0.71036	NaN	NaN	NaN
17	2	21	2	prosody	3	CPf2_13.wav	SNposf4_13.wav	CP_SNpos	13	4	1	valid	NaN	NaN	1.913	1.4005	f2	f4	514.7985	515.7985	517.7114	518.7114	520.1119	521.1119	525.1119	NaN	NaN	514.8113	515.8114	517.7129	518.7146	520.1154	521.1168	522.5248	1.408	NaN	NaN	NaN
17	2	21	2	prosody	3	CNh2_10.wav	SPposf4_10.wav	CN_SPpos	10	5	2	directvalide	NaN	NaN	2.0737	1.0568	h2	f4	525.1119	526.1119	528.1855	529.1855	530.2423	531.2423	535.2423	NaN	NaN	525.1208	526.1217	528.1901	529.1915	530.2589	531.2434	532.7811	1.5377	NaN	NaN	NaN
17	2	21	2	prosody	3	CPf3_14.wav	SNposh3_14.wav	CP_SNpos	14	4	2	valid	NaN	NaN	2.2174	1.2057	f3	h3	535.2423	536.2423	538.4597	539.4597	540.6654	541.6654	545.6654	NaN	NaN	535.2476	536.2489	538.4669	539.4684	540.6693	541.6706	542.6452	0.97453	NaN	NaN	NaN
17	2	21	2	prosody	3	CPh2_14.wav	SPnegf3_14.wav	CP_SPneg	14	4	3	valid	NaN	NaN	2.0656	1.071	h2	f3	545.6654	546.6654	548.731	549.731	550.802	551.802	555.802	NaN	NaN	545.6749	546.6755	548.7439	549.7452	550.8126	551.8143	553.0208	1.2065	NaN	NaN	NaN
17	2	21	2	prosody	3	CNh4_10.wav	SPnegf1_10.wav	CN_SPneg	10	5	1	valid	NaN	NaN	2.1066	0.98107	h4	f1	555.802	556.802	558.9086	559.9086	560.8897	561.8897	565.8897	NaN	NaN	555.8181	556.819	558.9208	559.9221	560.9061	561.9074	562.4771	0.56969	NaN	NaN	NaN
17	2	21	2	prosody	3	CPh3_11.wav	SPposh4_11.wav	CP_SPpos	11	1	4	valid	NaN	NaN	2.3025	0.88991	h3	h4	565.8897	566.8897	569.1922	570.1922	571.0821	572.0821	576.0821	NaN	NaN	565.8949	566.8957	569.1976	570.199	571.0829	572.0842	573.0212	0.93706	NaN	NaN	NaN
17	2	21	2	prosody	3	CPf3_11.wav	SNnegh1_11.wav	CP_SNneg	11	4	1	valid	NaN	NaN	2.5626	0.76687	f3	h1	576.0821	577.0821	579.6447	580.6447	581.4116	582.4116	586.4116	NaN	NaN	576.0883	577.0897	579.6581	580.6604	581.4265	582.4284	583.6286	1.2003	NaN	NaN	NaN
17	2	21	2	prosody	3	CNf3_11.wav	SPnegh3_11.wav	CN_SPneg	11	5	3	valid	NaN	NaN	2.2024	1.117	f3	h3	586.4116	587.4116	589.614	590.614	591.7309	592.7309	596.7309	NaN	NaN	586.4151	587.4162	589.618	590.6201	591.7368	592.7382	594.5892	1.851	NaN	NaN	NaN
17	2	21	2	prosody	3	CPh2_16.wav	SPposf3_16.wav	CP_SPpos	16	1	4	valid	NaN	NaN	2.0086	0.77787	h2	f3	596.7309	597.7309	599.7395	600.7395	601.5174	602.5174	606.5174	NaN	NaN	596.7421	597.7443	599.7447	600.7465	601.5298	602.5312	603.1887	0.65752	NaN	NaN	NaN
17	2	21	2	prosody	3	CPf1_16.wav	SNnegf2_16.wav	CP_SNneg	16	4	2	directvalide	NaN	NaN	1.7906	0.65016	f1	f2	606.5174	607.5174	609.308	610.308	610.9582	611.9582	615.9582	NaN	NaN	606.5183	607.5196	609.321	610.3222	610.9728	611.9739	612.5729	0.59905	NaN	NaN	NaN
17	2	21	2	prosody	3	CNh3_15.wav	SNposh2_15.wav	CN_SNpos	15	4	4	valid	NaN	NaN	2.0439	1.0505	h3	h2	615.9582	616.9582	619.0021	620.0021	621.0526	622.0526	626.0526	NaN	NaN	615.9617	616.9632	619.014	620.0153	621.066	622.0675	622.9809	0.91349	NaN	NaN	NaN
17	2	21	2	prosody	3	CNf2_13.wav	SNnegh3_13.wav	CN_SNneg	13	1	2	valid	NaN	NaN	2.3744	0.97181	f2	h3	626.0526	627.0526	629.427	630.427	631.3988	632.3988	636.3988	NaN	NaN	626.0544	627.0557	629.441	630.4424	631.4096	632.4111	633.6448	1.2337	NaN	NaN	NaN
17	2	21	2	prosody	3	CPf3_10.wav	SPnegh3_10.wav	CP_SPneg	10	4	2	valid	NaN	NaN	1.7297	1	f3	h3	636.3988	637.3988	639.1284	640.1284	641.1285	642.1285	646.1285	NaN	NaN	636.4147	637.416	639.1341	640.1354	641.1361	642.1375	643.9165	1.779	NaN	NaN	NaN
