subID	 genre	 age	 task	 run	 Context 	 Statement	 Condition_name	 Situation	 Evaluation_Score	 Validation_Type	 Time_Context	 Time_Statement	 Voice_Context	 Voice_Statement	 Time_Onset	 Time_Onset_Context	 Time_End_Context	 Time_Onset_Statement	 Time_End_Statement	 Onset_Evaluation	 End_Evaluation	 Real_Time_Onset	 Real_Time_Onset_Context	 Real_Time_End_Context	 Real_Time_Onset_Statement	 Real_Time_End_Statement	 Real_Time_Onset_Evaluation	 Real_Time_End_Evaluation	 RT	 Jitter
5	1	2	irony	5	CNf3_12.wav	SNnegf1_12.wav	CN_SNneg	12	2	valid	1.9961	0.76739	f3	f1	0	1	2.9961	3.9659	4.7333	5.7333	7.559	0.0026905	1.0018	2.9976	3.9676	4.7347	5.735	7.0606	1.3256	0.96988
5	1	2	irony	5	CPh4_9.wav	SPposf3_9.wav	CP_SPpos	9	1	valid	2.5525	1.3322	h4	f3	7.559	8.559	11.1114	12.2351	13.5674	14.5674	16.5049	7.5753	8.5606	11.1128	12.2367	13.5688	14.569	16.0065	1.4375	1.1237
5	1	2	irony	5	CPf4_5.wav	SNposh2_5.wav	CP_SNpos	5	4	valid	2.4223	0.99619	f4	h2	16.5049	17.5049	19.9272	20.645	21.6412	22.6412	26.139	16.5211	17.5067	19.9286	20.6466	21.6426	22.6429	25.6407	2.9978	0.71777
5	1	2	irony	5	CNf1_15.wav	SPnegh2_15.wav	CN_SPneg	15	4	valid	1.716	0.87828	f1	h2	26.139	27.139	28.855	29.9454	30.8236	31.8236	33.058	26.1545	27.1404	28.8564	29.947	30.825	31.8253	32.5596	0.73433	1.0904
5	1	2	irony	5	CPf4_2.wav	SPposf2_2.wav	CP_SPpos	2	1	valid	1.9699	1.3322	f4	f2	33.058	34.058	36.0278	37.2948	38.627	39.627	41.2952	33.0735	34.0596	36.0293	37.2962	38.6285	39.6285	40.7967	1.1682	1.267
5	1	2	irony	5	CNh2_9.wav	SPnegf2_9.wav	CN_SPneg	9	3	directvalide	2.521	0.93605	h2	f2	41.2952	42.2952	44.8162	45.815	46.751	47.751	49.8119	41.3103	42.2967	44.8176	45.8166	46.7524	47.7528	49.3136	1.5608	0.9988
5	1	2	irony	5	CNf1_12.wav	SPnegf4_12.wav	CN_SPneg	12	4	valid	1.9892	1.0055	f1	f4	49.8119	50.8119	52.8011	53.3104	54.3159	55.3159	57.2833	49.8276	50.8136	52.8024	53.3121	54.3175	55.3174	56.7847	1.4674	0.50935
5	1	2	irony	5	CPf1_4.wav	SPposf2_4.wav	CP_SPpos	4	3	directvalide	2.2781	1.2019	f1	f2	57.2833	58.2833	60.5614	61.5268	62.7287	63.7287	65.5658	57.2984	58.285	60.5628	61.5284	62.7301	63.7305	65.0675	1.3371	0.96546
5	1	2	irony	5	CPf2_2.wav	SNposf4_2.wav	CP_SNpos	2	3	directvalide	1.6952	1.303	f2	f4	65.5658	66.5658	68.261	69.0791	70.3821	71.3821	72.7678	65.5848	66.5675	68.2624	69.0812	70.3834	71.3839	72.2696	0.88571	0.81812
5	1	2	irony	5	CPh3_1.wav	SNposh1_1.wav	CP_SNpos	1	3	directvalide	2.0823	0.97426	h3	h1	72.7678	73.7678	75.8501	77.1829	78.1572	79.1572	80.9369	72.7824	73.7693	75.8515	77.1843	78.1586	79.1589	80.4386	1.2797	1.3328
5	1	2	irony	5	CNf3_7.wav	SPnegh1_7.wav	CN_SPneg	7	5	valid	2.3112	1.3312	f3	h1	80.9369	81.9369	84.2481	85.6553	86.9865	87.9865	89.3538	80.951	81.9385	84.2495	85.657	86.9879	87.9882	88.8554	0.86724	1.4073
5	1	2	irony	5	CNf2_3.wav	SNnegh4_3.wav	CN_SNneg	3	1	valid	3.1465	1.0357	f2	h4	89.3538	90.3538	93.5002	94.6524	95.6881	96.6881	97.9064	89.3705	90.3553	93.5016	94.654	95.6896	96.6897	97.408	0.71824	1.1522
5	1	2	irony	5	CPh2_1.wav	SPposf3_1.wav	CP_SPpos	1	1	valid	2.1184	1.161	h2	f3	97.9064	98.9064	101.0248	102.1656	103.3266	104.3266	105.8923	97.9245	98.9081	101.0261	102.1673	103.328	104.3283	105.394	1.0657	1.1408
5	1	2	irony	5	CPf4_13.wav	SNposf2_13.wav	CP_SNpos	13	4	valid	2.0673	1.0318	f4	f2	105.8923	106.8923	108.9597	109.833	110.8648	111.8648	113.0168	105.9092	106.8939	108.9611	109.8348	110.8663	111.8667	112.5186	0.65195	0.87331
5	1	2	irony	5	CNf1_2.wav	SPnegh4_2.wav	CN_SPneg	2	4	valid	1.6943	1.4832	f1	h4	113.0168	114.0168	115.7111	116.8062	118.2894	119.2894	120.548	113.0317	114.0184	115.7125	116.8079	118.2908	119.2911	120.0496	0.75853	1.0952
5	1	2	irony	5	CPf2_5.wav	SPposf3_5.wav	CP_SPpos	5	1	valid	2.1539	0.95782	f2	f3	120.548	121.548	123.7019	125.0004	125.9583	126.9583	128.2782	120.5634	121.5498	123.7033	125.0021	125.9596	126.9598	127.7797	0.81996	1.2986
5	1	2	irony	5	CNh3_14.wav	SNnegh2_14.wav	CN_SNneg	14	2	valid	1.8912	1.1182	h3	h2	128.2782	129.2782	131.1694	132.2462	133.3644	134.3644	138.2055	128.2937	129.2798	131.1708	132.2477	133.3658	134.366	137.7071	3.3411	1.0768
5	1	2	irony	5	CNf4_5.wav	SPnegf2_5.wav	CN_SPneg	5	3	directvalide	2.2631	0.82431	f4	f2	138.2055	139.2055	141.4686	142.9455	143.7698	144.7698	146.9252	138.2214	139.2068	141.47	142.9479	143.7711	144.7715	146.4269	1.6554	1.4769
5	1	2	irony	5	CNh2_5.wav	SNnegf2_5.wav	CN_SNneg	5	1	valid	2.09	1.0681	h2	f2	146.9252	147.9252	150.0151	151.4462	152.5143	153.5143	154.84	146.9406	147.927	150.0166	151.4478	152.5157	153.516	154.3417	0.82566	1.4311
5	1	2	irony	5	CNf4_1.wav	SPnegf1_1.wav	CN_SPneg	1	5	valid	2.7904	1.1857	f4	f1	154.84	155.84	158.6303	159.3815	160.5672	161.5672	163.4332	154.8558	155.8418	158.6318	159.3832	160.5685	161.5688	162.9348	1.366	0.75113
5	1	2	irony	5	CNh3_7.wav	SNnegf3_7.wav	CN_SNneg	7	3	directvalide	2.2218	1.2541	h3	f3	163.4332	164.4332	166.655	167.731	168.9851	169.9851	170.995	163.4482	164.4346	166.6564	167.7328	168.9865	169.9868	170.4967	0.5099	1.076
5	1	2	irony	5	CNf3_10.wav	SNnegh1_10.wav	CN_SNneg	10	1	valid	2.1863	0.78134	f3	h1	170.995	171.995	174.1813	175.309	176.0903	177.0903	178.2904	171.011	171.9969	174.1826	175.3106	176.0917	177.092	177.792	0.70002	1.1277
5	1	2	irony	5	CPf4_11.wav	SNposh4_11.wav	CP_SNpos	11	5	valid	2.9292	1.0106	f4	h4	178.2904	179.2904	182.2195	183.0385	184.049	185.049	186.5978	178.307	179.292	182.2209	183.0399	184.0504	185.0506	186.0993	1.0487	0.81892
5	1	2	irony	5	CNh2_4.wav	SPnegf4_4.wav	CN_SPneg	4	4	valid	2.033	1.6621	h2	f4	186.5978	187.5978	189.6308	191.0982	192.7603	193.7603	195.5114	186.6143	187.5994	189.6323	191.0998	192.7618	193.7619	195.013	1.2511	1.4674
5	1	2	irony	5	CNf2_4.wav	SNnegh4_4.wav	CN_SNneg	4	1	valid	2.0256	1.2268	f2	h4	195.5114	196.5114	198.537	199.306	200.5328	201.5328	202.81	195.527	196.513	198.5384	199.3077	200.5341	201.5344	202.3117	0.77722	0.76895
5	1	2	irony	5	CNf3_13.wav	SNnegh1_13.wav	CN_SNneg	13	1	valid	2.2212	0.81029	f3	h1	202.81	203.81	206.0312	207.1821	207.9924	208.9924	210.1431	202.8256	203.8117	206.0325	207.1837	207.9937	208.9941	209.6449	0.65076	1.1509
5	1	2	irony	5	CNh3_11.wav	SNnegh1_11.wav	CN_SNneg	11	1	valid	2.3602	0.76687	h3	h1	210.1431	211.1431	213.5034	214.6512	215.4181	216.4181	217.6934	210.1699	211.145	213.5048	214.6528	215.4194	216.4197	217.195	0.7753	1.1478
5	1	2	irony	5	CNf4_10.wav	SPnegh1_10.wav	CN_SPneg	10	5	valid	2.3613	1.1431	f4	h1	217.6934	218.6934	221.0547	222.373	223.5161	224.5161	225.8522	217.708	218.695	221.0561	222.3745	223.5175	224.5176	225.3537	0.83615	1.3183
5	1	2	irony	5	CNf1_14.wav	SPnegh3_14.wav	CN_SPneg	14	4	valid	2.0283	1.2178	f1	h3	225.8522	226.8522	228.8806	229.8288	231.0466	232.0466	233.4941	225.8676	226.8539	228.882	229.8303	231.048	232.0484	232.9959	0.94746	0.94827
5	1	2	irony	5	CPh2_11.wav	SPposh1_11.wav	CP_SPpos	11	1	valid	2.4152	0.73311	h2	h1	233.4941	234.4941	236.9093	237.8561	238.5892	239.5892	240.556	233.5097	234.4956	236.9107	237.8576	238.5906	239.5908	240.0575	0.46678	0.94682
5	1	2	irony	5	CPf4_12.wav	SPposh3_12.wav	CP_SPpos	12	4	valid	2.2631	1.0081	f4	h3	240.556	241.556	243.8191	244.341	245.3491	246.3491	247.9533	240.5711	241.5577	243.8204	244.3424	245.3504	246.3506	247.4548	1.1042	0.52192
5	1	2	irony	5	CPh3_14.wav	SNposf4_14.wav	CP_SNpos	14	1	valid	2.0404	1.4518	h3	f4	247.9533	248.9533	250.9937	251.8872	253.3389	254.3389	257.0068	247.9697	248.9553	250.9951	251.889	253.3403	254.3404	256.5083	2.1679	0.89346
5	1	2	irony	5	CPf2_15.wav	SNposh3_15.wav	CP_SNpos	15	4	valid	1.8626	1.0484	f2	h3	257.0068	258.0068	259.8694	261.0444	262.0928	263.0928	266.4562	257.027	258.0084	259.8717	261.0459	262.0941	263.0943	265.9578	2.8634	1.175
5	1	2	irony	5	CPf3_8.wav	SPposh1_8.wav	CP_SPpos	8	1	valid	1.6434	0.95016	f3	h1	266.4562	267.4562	269.0996	270.0073	270.9575	271.9575	273.2799	266.4715	267.4579	269.1009	270.009	270.9589	271.9594	272.7818	0.8224	0.90775
5	1	2	irony	5	CPh4_8.wav	SNposf3_8.wav	CP_SNpos	8	2	valid	1.7598	0.9259	h4	f3	273.2799	274.2799	276.0397	276.5513	277.4772	278.4772	280.8292	273.2958	274.2814	276.0411	276.5528	277.4786	278.4789	280.3309	1.852	0.51165
5	1	2	irony	5	CNf4_9.wav	SNnegh2_9.wav	CN_SNneg	9	1	valid	2.6368	1.2279	f4	h2	280.8292	281.8292	284.466	285.8723	287.1002	288.1002	289.3884	280.8438	281.8314	284.4674	285.8738	287.1016	288.1019	288.89	0.78819	1.4063
5	1	2	irony	5	CPh3_14.wav	SPposh2_14.wav	CP_SPpos	14	3	directvalide	2.0404	0.98805	h3	h2	289.3884	290.3884	292.4288	293.8452	294.8333	295.8333	297.3889	289.4129	290.39	292.4302	293.8466	294.8346	295.835	296.8906	1.0556	1.4164
5	1	2	irony	5	CNf4_15.wav	SNnegf3_15.wav	CN_SNneg	15	1	valid	2.2631	1.0843	f4	f3	297.3889	298.3889	300.6519	301.6225	302.7069	303.7069	304.9413	297.4055	298.3904	300.6533	301.6241	302.7082	303.7085	304.4429	0.73448	0.97061
5	1	2	irony	5	CPh2_4.wav	SNposh3_4.wav	CP_SNpos	4	4	valid	2.4925	1.2742	h2	h3	304.9413	305.9413	308.4338	309.8123	311.0866	312.0866	313.9129	304.9572	305.9429	308.4352	309.8146	311.088	312.0882	313.4145	1.3263	1.3785
5	1	2	irony	5	CPf4_15.wav	SPposh1_15.wav	CP_SPpos	15	2	valid	1.9186	0.77653	f4	h1	313.9129	314.9129	316.8315	317.3667	318.1432	319.1432	322.0032	313.9339	314.9147	316.8329	317.3682	318.1446	319.1449	321.5048	2.36	0.53521
5	1	2	irony	5	CPf4_6.wav	SPposh1_6.wav	CP_SPpos	6	2	valid	2.2631	0.91639	f4	h1	322.0032	323.0032	325.2663	326.4444	327.3608	328.3608	330.7429	322.0231	323.0046	325.2677	326.4459	327.3621	328.3624	330.2446	1.8822	1.1781
5	1	2	irony	5	CPh4_16.wav	SPposf1_16.wav	CP_SPpos	16	5	valid	2.5525	0.90583	h4	f1	330.7429	331.7429	334.2954	335.0212	335.927	336.927	339.2045	330.7671	331.7446	334.2968	335.0228	335.9284	336.9285	338.706	1.7775	0.72579
5	1	2	irony	5	CNf2_6.wav	SPnegh1_6.wav	CN_SPneg	6	5	valid	2.7307	1.553	f2	h1	339.2045	340.2045	342.9352	343.7417	345.2948	346.2948	347.7172	339.2226	340.2061	342.9366	343.7434	345.2962	346.2964	347.2189	0.92248	0.80649
5	1	2	irony	5	CNf2_13.wav	SPnegh4_13.wav	CN_SPneg	13	4	valid	2.5844	1.1212	f2	h4	347.7172	348.7172	351.3016	352.5325	353.6537	354.6537	356.8846	347.7325	348.7188	351.303	352.5341	353.655	354.6553	356.3862	1.7309	1.2309
5	1	2	irony	5	CPh4_6.wav	SNposh3_6.wav	CP_SNpos	6	4	valid	2.3583	0.95163	h4	h3	356.8846	357.8846	360.2429	361.6275	362.5791	363.5791	364.9991	356.9012	357.8862	360.2442	361.629	362.5811	363.5813	364.5012	0.91997	1.3846
5	1	2	irony	5	CNh1_8.wav	SNnegh4_8.wav	CN_SNneg	8	1	valid	1.9775	0.95528	h1	h4	364.9991	365.9991	367.9766	369.4049	370.3602	371.3602	372.6988	365.017	366.0004	367.978	369.4065	370.3616	371.3616	372.2002	0.83862	1.4283
5	1	2	irony	5	CPh1_3.wav	SPposh3_3.wav	CP_SPpos	3	4	valid	1.6592	1.125	h1	h3	372.6988	373.6988	375.358	376.3283	377.4533	378.4533	380.2902	372.722	373.7003	375.3593	376.3298	377.455	378.4549	379.7917	1.3369	0.97032
5	1	2	irony	5	CPf1_7.wav	SNposh1_7.wav	CP_SNpos	7	4	valid	1.8508	0.97909	f1	h1	380.2902	381.2902	383.141	384.4198	385.3989	386.3989	388.7258	380.308	381.2917	383.1424	384.4213	385.4002	386.4003	388.2272	1.8269	1.2788
5	1	2	irony	5	CNh1_2.wav	SNnegf1_2.wav	CN_SNneg	2	3	directvalide	1.6283	1.1255	h1	f1	388.7258	389.7258	391.354	392.6752	393.8007	394.8007	396.4174	388.7562	389.7273	391.3554	392.6767	393.8021	394.8023	395.919	1.1167	1.3211
5	1	2	irony	5	CNh4_16.wav	SNnegf4_16.wav	CN_SNneg	16	1	valid	2.2909	1.108	h4	f4	396.4174	397.4174	399.7082	400.9506	402.0586	403.0586	404.0973	396.4314	397.4189	399.7096	400.9522	402.0601	403.0603	403.5989	0.53867	1.2423
5	1	2	irony	5	CPh2_16.wav	SNposh3_16.wav	CP_SNpos	16	1	valid	2.0086	0.81857	h2	h3	404.0973	405.0973	407.1059	408.2731	409.0917	410.0917	413.0724	404.1127	405.0989	407.1073	408.2746	409.093	410.0932	412.574	2.4808	1.1672
5	1	2	irony	5	CNf2_16.wav	SPnegh2_16.wav	CN_SPneg	16	4	valid	2.0988	0.71562	f2	h2	413.0724	414.0724	416.1712	417.0489	417.7646	418.7646	420.2826	413.0878	414.074	416.1726	417.0504	417.766	418.7661	419.7841	1.018	0.87771
5	1	2	irony	5	CPh3_10.wav	SNposf1_10.wav	CP_SNpos	10	3	directvalide	1.8993	0.85769	h3	f1	420.2826	421.2826	423.1818	424.6014	425.4591	426.4591	427.3375	420.2994	421.2841	423.1832	424.603	425.4604	426.4605	426.8389	0.37841	1.4195
5	1	2	irony	5	CPh2_10.wav	SPposf2_10.wav	CP_SPpos	10	2	valid	1.7423	0.87946	h2	f2	427.3375	428.3375	430.0798	430.6998	431.5793	432.5793	435.9449	427.3528	428.339	430.0811	430.7014	431.5812	432.5814	435.447	2.8656	0.62
5	1	2	irony	5	CNh3_1.wav	SNnegh4_1.wav	CN_SNneg	1	1	valid	2.1412	1.1614	h3	h4	435.9449	436.9449	439.0861	440.1244	441.2858	442.2858	443.675	435.9616	436.9467	439.0875	440.126	441.2872	442.2874	443.1766	0.88922	1.0383
5	1	2	irony	5	CPh4_9.wav	SNposf4_9.wav	CP_SNpos	9	4	valid	2.5525	1.6313	h4	f4	443.675	444.675	447.2275	448.1178	449.7491	450.7491	452.4476	443.6965	444.6765	447.2289	448.1193	449.7505	450.7506	451.9491	1.1985	0.89027
5	1	2	irony	5	CNf2_8.wav	SPnegh3_8.wav	CN_SPneg	8	5	valid	2.4114	0.89116	f2	h3	452.4476	453.4476	455.859	456.5054	457.3966	458.3966	460.1693	452.4633	453.4491	455.8604	456.507	457.3979	458.3982	459.6709	1.2727	0.6464
5	1	2	irony	5	CPf2_13.wav	SPposh2_13.wav	CP_SPpos	13	2	valid	2.0821	0.88234	f2	h2	460.1693	461.1693	463.2514	463.9598	464.8421	465.8421	467.0673	460.1849	461.1707	463.2528	463.9613	464.8435	465.8437	466.5689	0.72519	0.70838
5	1	2	irony	5	CNf1_11.wav	SPnegh1_11.wav	CN_SPneg	11	5	valid	2.1186	1.4469	f1	h1	467.0673	468.0673	470.186	471.1606	472.6075	473.6075	474.8935	467.0829	468.0692	470.1874	471.1622	472.6089	473.6091	474.395	0.78594	0.97465
5	1	2	irony	5	CPh2_12.wav	SNposf3_12.wav	CP_SNpos	12	4	valid	1.9761	0.83669	h2	f3	474.8935	475.8935	477.8696	478.546	479.3827	480.3827	483.4306	474.9088	475.8951	477.871	478.5479	479.3841	480.3841	482.932	2.5479	0.6764
5	1	2	irony	5	CPf4_7.wav	SPposf2_7.wav	CP_SPpos	7	2	valid	2.1392	0.83592	f4	f2	483.4306	484.4306	486.5697	487.5979	488.4339	489.4339	490.7073	483.4458	484.432	486.5711	487.5996	488.4353	489.4356	490.209	0.77345	1.0282
5	1	2	irony	5	CNf4_6.wav	SNnegh1_6.wav	CN_SNneg	6	1	valid	2.8984	0.90676	f4	h1	490.7073	491.7073	494.6057	495.6411	496.5479	497.5479	498.7433	490.7232	491.7089	494.6071	495.6427	496.5492	497.5494	498.2448	0.69536	1.0354
5	1	2	irony	5	CPf4_3.wav	SNposh2_3.wav	CP_SNpos	3	4	valid	2.1392	1.1263	f4	h2	498.7433	499.7433	501.8824	502.6163	503.7426	504.7426	507.1694	498.759	499.7447	501.8838	502.618	503.7439	504.7442	506.6709	1.9268	0.73388
5	1	2	irony	5	CNh1_3.wav	SPnegh3_3.wav	CN_SPneg	3	4	valid	2.4936	1.0968	h1	h3	507.1694	508.1694	510.6629	512.1154	513.2122	514.2122	515.7111	507.1846	508.1708	510.6646	512.117	513.2136	514.2139	515.2128	0.99886	1.4525
