subID	 genre	 age	 group	 task	 run	 Context 	 Statement	 Condition_name	 Situation	 Condition_code	 Evaluation_Score	 Validation_Type	 Evaluation_Score_2	 Validation_Type_2	 Time_Context	 Time_Statement	 Voice_Context	 Voice_Statement	 Time_Onset	 Time_Onset_Context	 Time_End_Context	 Time_Onset_Statement	 Time_End_Statement	 Onset_Evaluation	 End_Evaluation	 Onset_Evaluation2	 End_Evaluation2	 Real_Time_Onset	 Real_Time_Onset_Context	 Real_Time_End_Context	 Real_Time_Onset_Statement	 Real_Time_End_Statement	 Real_Time_Onset_Evaluation	 Real_Time_End_Evaluation	 RT	 Real_Time_Onset_Evaluation2	 Time_End_Evaluation2	 RT2
12	1	23	1	sarcasm	3	CNh3_5.wav	SPnegh4_5.wav	CN_SPneg	5	5	3	directvalide	4	valid	1.9799	1.0257	h3	h4	0	1	2.9799	3.9799	5.0056	6.0056	10.0056	10.0056	14.0056	0.021414	1.0058	2.9907	3.9921	5.0093	6.0104	7.8569	1.8465	10.0146	11.8086	1.794
12	1	23	1	sarcasm	3	CNf2_6.wav	SPnegf4_6.wav	CN_SPneg	6	5	4	valid	5	valid	2.5089	1.4518	f2	f4	14.0056	15.0056	17.5144	18.5144	19.9662	20.9662	24.9662	24.9662	28.9662	14.0187	15.0198	17.5218	18.5232	19.9743	20.9757	22.6249	1.6492	24.9797	26.4655	1.4858
12	1	23	1	sarcasm	3	CPh1_8.wav	SPnegf2_8.wav	CP_SPneg	8	4	1	valid	1	valid	1.4807	0.92735	h1	f2	28.9662	29.9662	31.4469	32.4469	33.3743	34.3743	38.3743	38.3743	42.3743	28.9836	29.968	31.4524	32.4537	33.3877	34.389	35.8487	1.4597	38.3763	39.0329	0.65658
12	1	23	1	sarcasm	3	CNf1_4.wav	SNnegf3_4.wav	CN_SNneg	4	1	1	valid	1	valid	1.5589	1.3582	f1	f3	42.3743	43.3743	44.9331	45.9331	47.2913	48.2913	52.2913	52.2913	56.2913	42.3803	43.3812	44.9492	45.9505	47.3015	48.3028	49.2488	0.946	52.3068	53.6249	1.3181
12	1	23	1	sarcasm	3	CNf2_1.wav	SPnegf4_1.wav	CN_SPneg	1	5	3	valid	2	valid	2.1269	1.1029	f2	f4	56.2913	57.2913	59.4182	60.4182	61.5211	62.5211	66.5211	66.5211	70.5211	56.294	57.2951	59.4304	60.4318	61.5323	62.5337	64.9884	2.4547	66.5377	67.9733	1.4356
12	1	23	1	sarcasm	3	CNf4_8.wav	SPnegf2_8.wav	CN_SPneg	8	5	3	valid	3	valid	2.4726	0.92735	f4	f2	70.5211	71.5211	73.9938	74.9938	75.9211	76.9211	80.9211	80.9211	84.9211	70.525	71.526	73.9947	74.9962	75.93	76.9314	79.3607	2.4294	80.9354	81.7928	0.85748
12	1	23	1	sarcasm	3	CPf2_1.wav	SNnegh1_1.wav	CP_SNneg	1	4	4	valid	1	valid	2.0871	0.97426	f2	h1	84.9211	85.9211	88.0082	89.0082	89.9825	90.9825	94.9825	94.9825	98.9825	84.9225	85.9236	88.0087	89.0101	89.994	90.9954	93.0408	2.0454	94.9994	95.5847	0.58525
12	1	23	1	sarcasm	3	CNf2_6.wav	SNnegh1_6.wav	CN_SNneg	6	1	1	valid	1	valid	2.5089	0.90676	f2	h1	98.9825	99.9825	102.4914	103.4914	104.3981	105.3981	109.3981	109.3981	113.3981	98.9869	99.9877	102.5065	103.5079	104.4083	105.4098	106.7766	1.3668	109.4139	110.5773	1.1634
12	1	23	1	sarcasm	3	CPf2_5.wav	SNposf3_5.wav	CP_SNpos	5	4	4	valid	4	valid	2.1539	1.1436	f2	f3	113.3981	114.3981	116.552	117.552	118.6956	119.6956	123.6956	123.6956	127.6956	113.4011	114.402	116.554	117.5552	118.706	119.7073	121.3292	1.6219	123.7114	124.2091	0.4977
12	1	23	1	sarcasm	3	CNh4_6.wav	SNposf4_6.wav	CN_SNpos	6	4	5	valid	5	valid	2.7529	1.185	h4	f4	127.6956	128.6956	131.4485	132.4485	133.6335	134.6335	138.6335	138.6335	142.6335	127.6986	128.6995	131.4522	132.4533	133.6375	134.6388	136.7449	2.106	138.6428	139.6571	1.0143
12	1	23	1	sarcasm	3	CPh3_8.wav	SNnegh2_8.wav	CP_SNneg	8	4	4	valid	5	valid	1.5807	0.92705	h3	h2	142.6335	143.6335	145.2142	146.2142	147.1413	148.1413	152.1413	152.1413	156.1413	142.6469	143.6478	145.2157	146.2172	147.151	148.1523	150.5289	2.3765	152.1563	152.7208	0.56443
12	1	23	1	sarcasm	3	CNf3_5.wav	SPposh1_5.wav	CN_SPpos	5	5	3	valid	4	valid	1.9773	0.81029	f3	h1	156.1413	157.1413	159.1186	160.1186	160.9289	161.9289	165.9289	165.9289	169.9289	156.1435	157.1445	159.1297	160.1309	160.9314	161.9327	163.609	1.6764	165.9367	166.9048	0.96815
12	1	23	1	sarcasm	3	CNf3_4.wav	SPnegf4_4.wav	CN_SPneg	4	5	5	valid	2	valid	2.0373	1.6621	f3	f4	169.9289	170.9289	172.9662	173.9662	175.6283	176.6283	180.6283	180.6283	184.6283	169.9408	170.9417	172.9767	173.9781	175.6293	176.6307	178.0489	1.4182	180.6347	183.4255	2.7908
12	1	23	1	sarcasm	3	CNh1_7.wav	SPposf2_7.wav	CN_SPpos	7	5	5	valid	1	valid	2.101	0.83592	h1	f2	184.6283	185.6283	187.7292	188.7292	189.5651	190.5651	194.5651	194.5651	198.5651	184.6387	185.6397	187.7414	188.7427	189.5768	190.5779	191.4263	0.84837	194.5819	195.5366	0.95471
12	1	23	1	sarcasm	3	CPh1_6.wav	SNposh3_6.wav	CP_SNpos	6	4	4	valid	4	directvalide	1.8135	0.95163	h1	h3	198.5651	199.5651	201.3786	202.3786	203.3303	204.3303	208.3303	208.3303	212.3303	198.5693	199.5702	201.3886	202.3897	203.3402	204.3419	206.0803	1.7385	208.3456	208.9842	0.63854
12	1	23	1	sarcasm	3	CPh4_5.wav	SPposh3_5.wav	CP_SPpos	5	1	2	valid	2	valid	2.2763	1.0121	h4	h3	212.3303	213.3303	215.6066	216.6066	217.6187	218.6187	222.6187	222.6187	226.6187	212.3328	213.3338	215.6192	216.6205	217.6214	218.6224	219.9848	1.3624	222.6266	223.6408	1.0142
12	1	23	1	sarcasm	3	CPh3_1.wav	SPnegf3_1.wav	CP_SPneg	1	4	1	valid	1	valid	2.0823	1.1436	h3	f3	226.6187	227.6187	229.701	230.701	231.8446	232.8446	236.8446	236.8446	240.8446	226.6307	227.6315	229.7168	230.7179	231.852	232.8533	233.4247	0.57138	236.8573	237.4937	0.63637
12	1	23	1	sarcasm	3	CNf3_1.wav	SPposh2_1.wav	CN_SPpos	1	5	4	valid	3	valid	2.1499	1.0206	f3	h2	240.8446	241.8446	243.9945	244.9945	246.0151	247.0151	251.0151	251.0151	255.0151	240.8616	241.8623	243.9973	244.9988	246.0161	247.0175	248.0966	1.079	251.0215	251.9123	0.8908
12	1	23	1	sarcasm	3	CNf3_6.wav	SPposh2_6.wav	CN_SPpos	6	5	4	directvalide	5	valid	2.4988	1.1263	f3	h2	255.0151	256.0151	258.5139	259.5139	260.6402	261.6402	265.6402	265.6402	269.6402	255.0259	256.0269	258.5286	259.5299	260.6473	261.6487	263.5687	1.92	265.6526	266.4386	0.78593
12	1	23	1	sarcasm	3	CPf4_3.wav	SNnegh2_3.wav	CP_SNneg	3	4	3	valid	4	valid	2.1392	1.1466	f4	h2	269.6402	270.6402	272.7794	273.7794	274.926	275.926	279.926	279.926	283.926	269.6567	270.6577	272.7927	273.7941	274.9282	275.9296	278.32	2.3903	279.9335	281.4078	1.4743
12	1	23	1	sarcasm	3	CNf4_3.wav	SPnegf1_3.wav	CN_SPneg	3	5	4	valid	5	valid	3.3344	1.1315	f4	f1	283.926	284.926	288.2604	289.2604	290.392	291.392	295.392	295.392	299.392	283.9376	284.9386	288.2748	289.2763	290.3937	291.395	292.584	1.1889	295.399	296.6399	1.2409
12	1	23	1	sarcasm	3	CPf1_5.wav	SPnegh3_5.wav	CP_SPneg	5	4	2	valid	3	valid	2.1397	0.76615	f1	h3	299.392	300.392	302.5317	303.5317	304.2978	305.2978	309.2978	309.2978	313.2978	299.403	300.4039	302.539	303.5404	304.3074	305.3089	307.7125	2.4036	309.3128	310.8576	1.5448
12	1	23	1	sarcasm	3	CPh3_4.wav	SPnegf4_4.wav	CP_SPneg	4	4	1	valid	1	valid	2.3227	1.6621	h3	f4	313.2978	314.2978	316.6205	317.6205	319.2826	320.2826	324.2826	324.2826	328.2826	313.3006	314.3012	316.6364	317.6378	319.2893	320.2909	320.8643	0.57342	324.2944	326.9282	2.6338
12	1	23	1	sarcasm	3	CNh3_2.wav	SPnegf4_2.wav	CN_SPneg	2	5	5	valid	4	directvalide	1.8451	1.9134	h3	f4	328.2826	329.2826	331.1277	332.1277	334.0411	335.0411	339.0411	339.0411	343.0411	328.299	329.2994	331.1343	332.1356	334.0538	335.0551	336.0248	0.96967	339.0591	339.8083	0.74918
12	1	23	1	sarcasm	3	CPh4_2.wav	SPnegf3_2.wav	CP_SPneg	2	4	1	valid	1	valid	1.8571	1.8634	h4	f3	343.0411	344.0411	345.8982	346.8982	348.7616	349.7616	353.7616	353.7616	357.7616	343.0465	344.0473	345.8988	346.9003	348.7684	349.7698	351.784	2.0141	353.7737	355.2556	1.4818
12	1	23	1	sarcasm	3	CPh1_2.wav	SNnegh3_2.wav	CP_SNneg	2	4	4	directvalide	4	valid	1.471	1.3186	h1	h3	357.7616	358.7616	360.2327	361.2327	362.5513	363.5513	367.5513	367.5513	371.5513	357.7778	358.7788	360.2465	361.2479	362.5655	363.5669	364.2561	0.68919	367.5541	369.0477	1.4936
12	1	23	1	sarcasm	3	CNf2_2.wav	SNposh4_2.wav	CN_SNpos	2	4	2	directvalide	1	valid	1.8091	1.1111	f2	h4	371.5513	372.5513	374.3603	375.3603	376.4715	377.4715	381.4715	381.4715	385.4715	371.5585	372.5596	374.3773	375.3619	376.4795	377.4812	379.1194	1.6383	381.4847	382.4716	0.98694
12	1	23	1	sarcasm	3	CPf2_7.wav	SNposf3_7.wav	CP_SNpos	7	4	4	valid	2	valid	1.8314	1.2103	f2	f3	385.4715	386.4715	388.3028	389.3028	390.5132	391.5132	395.5132	395.5132	399.5132	385.4888	386.4729	388.3078	389.3093	390.5266	391.5281	392.7767	1.2486	395.5153	396.0954	0.58005
12	1	23	1	sarcasm	3	CPh3_2.wav	SPposh4_2.wav	CP_SPpos	2	1	1	valid	1	valid	1.9234	1.4027	h3	h4	399.5132	400.5132	402.4366	403.4366	404.8394	405.8394	409.8394	409.8394	413.8394	399.5194	400.5206	402.4386	403.44	404.8409	405.8423	406.8715	1.0292	409.8463	410.5518	0.70552
12	1	23	1	sarcasm	3	CNf4_8.wav	SPposh3_8.wav	CN_SPpos	8	5	5	directvalide	5	valid	2.4726	1.0323	f4	h3	413.8394	414.8394	417.312	418.312	419.3443	420.3443	424.3443	424.3443	428.3443	413.8509	414.8513	417.3201	418.3214	419.3553	420.3568	421.1437	0.78692	424.3607	425.0156	0.65494
12	1	23	1	sarcasm	3	CPf3_7.wav	SNnegf2_7.wav	CP_SNneg	7	4	4	valid	1	valid	2.0523	1.0627	f3	f2	428.3443	429.3443	431.3966	432.3966	433.4593	434.4593	438.4593	438.4593	442.4593	428.3481	429.3493	431.4007	432.4026	433.4694	434.4709	437.0477	2.5768	438.475	441.1305	2.6555
12	1	23	1	sarcasm	3	CPf4_8.wav	SPposh2_8.wav	CP_SPpos	8	1	1	valid	1	valid	1.7031	1.0084	f4	h2	442.4593	443.4593	445.1625	446.1625	447.1709	448.1709	452.1709	452.1709	456.1709	442.462	443.463	445.1645	446.1655	447.1832	448.1844	448.6957	0.51126	452.1884	453.1513	0.96283
12	1	23	1	sarcasm	3	CNh4_1.wav	SNposf4_1.wav	CN_SNpos	1	4	2	valid	2	directvalide	2.407	1.2466	h4	f4	456.1709	457.1709	459.5778	460.5778	461.8244	462.8244	466.8244	466.8244	470.8244	456.1758	457.1768	459.5789	460.5809	461.8311	462.8324	465.8717	3.0393	466.8364	467.6078	0.77135
12	1	23	1	sarcasm	3	CPf1_1.wav	SNposh2_1.wav	CP_SNpos	1	4	4	valid	2	valid	2.1233	1.0612	f1	h2	470.8244	471.8244	473.9477	474.9477	476.009	477.009	481.009	481.009	485.009	470.8404	471.8414	473.9597	474.9611	476.012	477.0131	477.5914	0.57832	481.0172	481.8318	0.81459
12	1	23	1	sarcasm	3	CNf4_8.wav	SNnegh2_8.wav	CN_SNneg	8	1	1	valid	1	valid	2.4726	0.92705	f4	h2	485.009	486.009	488.4816	489.4816	490.4087	491.4087	495.4087	495.4087	499.4087	485.0212	486.0221	488.4909	489.4923	490.4097	491.4108	492.3431	0.93231	495.4149	496.0348	0.61985
12	1	23	1	sarcasm	3	CNf4_7.wav	SPnegh1_7.wav	CN_SPneg	7	5	2	valid	3	directvalide	2.546	1.3312	f4	h1	499.4087	500.4087	502.9547	503.9547	505.2858	506.2858	510.2858	510.2858	514.2858	499.4189	500.4199	502.9556	503.9567	505.291	506.2923	508.9837	2.6913	510.2963	512.2711	1.9748
12	1	23	1	sarcasm	3	CPf4_6.wav	SPnegf3_6.wav	CP_SPneg	6	4	3	valid	4	valid	2.2631	1.3205	f4	f3	514.2858	515.2858	517.5489	518.5489	519.8694	520.8694	524.8694	524.8694	528.8694	514.3003	515.3013	517.5532	518.5547	519.8721	520.8735	521.9752	1.1018	524.8776	525.9836	1.1061
12	1	23	1	sarcasm	3	CPf3_7.wav	SPnegf2_7.wav	CP_SPneg	7	4	1	valid	1	valid	2.0523	0.91574	f3	f2	528.8694	529.8694	531.9217	532.9217	533.8375	534.8375	538.8375	538.8375	542.8375	528.8815	529.8827	531.9341	532.9356	533.8528	534.8541	535.5189	0.66479	538.8413	539.7109	0.86953
12	1	23	1	sarcasm	3	CPf1_3.wav	SPposf3_3.wav	CP_SPpos	3	1	1	valid	1	valid	1.7364	1.3758	f1	f3	542.8375	543.8375	545.5739	546.5739	547.9497	548.9497	552.9497	552.9497	556.9497	542.8455	543.8465	545.5811	546.5826	547.9669	548.9512	550.1193	1.1681	552.9556	554.1597	1.2042
12	1	23	1	sarcasm	3	CPh2_8.wav	SNposf4_8.wav	CP_SNpos	8	4	5	valid	5	valid	1.6061	1.026	h2	f4	556.9497	557.9497	559.5558	560.5558	561.5818	562.5818	566.5818	566.5818	570.5818	556.9603	557.9606	559.5619	560.563	561.597	562.5985	563.5015	0.90309	566.586	567.3988	0.81283
12	1	23	1	sarcasm	3	CPh2_6.wav	SPposf2_6.wav	CP_SPpos	6	1	1	valid	1	valid	2.1103	1.0246	h2	f2	570.5818	571.5818	573.692	574.692	575.7166	576.7166	580.7166	580.7166	584.7166	570.5906	571.5907	573.7092	574.6938	575.7278	576.7301	577.8645	1.1344	580.7336	581.5593	0.82571
12	1	23	1	sarcasm	3	CNf1_8.wav	SNposh1_8.wav	CN_SNpos	8	4	1	directvalide	1	directvalide	1.8561	0.8151	f1	h1	584.7166	585.7166	587.5727	588.5727	589.3878	590.3878	594.3878	594.3878	598.3878	584.7205	585.7214	587.5896	588.5749	589.3915	590.3928	591.8071	1.4144	594.3969	595.0309	0.63404
12	1	23	1	sarcasm	3	CNh3_4.wav	SNposf1_4.wav	CN_SNpos	4	4	3	directvalide	1	valid	1.7662	1.3121	h3	f1	598.3878	599.3878	601.154	602.154	603.4661	604.4661	608.4661	608.4661	612.4661	598.4008	599.4017	601.1699	602.1712	603.4721	604.4734	606.839	2.3656	608.4775	609.2484	0.77087
12	1	23	1	sarcasm	3	CNf4_5.wav	SNposf1_5.wav	CN_SNpos	5	4	4	directvalide	3	valid	2.2631	0.98107	f4	f1	612.4661	613.4661	615.7292	616.7292	617.7102	618.7102	622.7102	622.7102	626.7102	612.4814	613.4824	615.7344	616.7357	617.7197	618.721	620.4391	1.7181	622.7255	623.4446	0.71906
12	1	23	1	sarcasm	3	CPh1_4.wav	SNposh3_4.wav	CP_SNpos	4	4	3	valid	2	directvalide	2.0088	1.2742	h1	h3	626.7102	627.7102	629.719	630.719	631.9932	632.9932	636.9932	636.9932	640.9932	626.7122	627.7132	629.7317	630.7329	632.0006	633.0019	633.903	0.90108	637.0059	637.5671	0.56114
12	1	23	1	sarcasm	3	CNf4_3.wav	SNposf2_3.wav	CN_SNpos	3	4	5	directvalide	4	valid	3.3344	1.132	f4	f2	640.9932	641.9932	645.3277	646.3277	647.4596	648.4596	652.4596	652.4596	656.4596	641.0108	642.0108	645.3305	646.3318	647.4659	648.4673	649.4871	1.0198	652.4713	654.3188	1.8475
12	1	23	1	sarcasm	3	CPf2_6.wav	SNnegh1_6.wav	CP_SNneg	6	4	4	valid	3	directvalide	1.7704	0.90676	f2	h1	656.4596	657.4596	659.2301	660.2301	661.1368	662.1368	666.1368	666.1368	670.1368	656.4761	657.4763	659.2444	660.2457	661.1462	662.1473	664.3989	2.2515	666.1516	667.0467	0.89512
12	1	23	1	sarcasm	3	CNf1_7.wav	SNposf4_7.wav	CN_SNpos	7	4	5	valid	2	valid	2.0374	1.3594	f1	f4	670.1368	671.1368	673.1742	674.1742	675.5336	676.5336	680.5336	680.5336	684.5336	670.1399	671.1406	673.1749	674.1762	675.5439	676.5453	678.0149	1.4696	680.5493	683.7185	3.1692
12	1	23	1	sarcasm	3	CNf1_5.wav	SNnegh3_5.wav	CN_SNneg	5	1	1	valid	1	directvalide	1.9802	0.98794	f1	h3	684.5336	685.5336	687.5138	688.5138	689.5018	690.5018	694.5018	694.5018	698.5018	684.5369	685.5376	687.5225	688.5238	689.5079	690.5095	694.2222	3.7127	694.5131	698.1349	3.6218
12	1	23	1	sarcasm	3	CPh3_4.wav	SPposf3_4.wav	CP_SPpos	4	1	1	valid	1	valid	2.3227	1.3003	h3	f3	698.5018	699.5018	701.8244	702.8244	704.1248	705.1248	709.1248	709.1248	713.1248	698.5171	699.5182	701.8367	702.8377	704.139	705.1404	706.9587	1.8183	709.1278	709.8141	0.68638
12	1	23	1	sarcasm	3	CPh2_2.wav	SNposf1_2.wav	CP_SNpos	2	4	4	valid	4	valid	1.663	1.1556	h2	f1	713.1248	714.1248	715.7878	716.7878	717.9434	718.9434	722.9434	722.9434	726.9434	713.1313	714.1326	715.8007	716.802	717.9528	718.9542	721.3041	2.3499	722.9582	723.7744	0.8162
12	1	23	1	sarcasm	3	CPh3_7.wav	SPposf2_7.wav	CP_SPpos	7	1	2	valid	1	valid	1.8993	0.83592	h3	f2	726.9434	727.9434	729.8426	730.8426	731.6786	732.6786	736.6786	736.6786	740.6786	726.9455	727.9465	729.848	730.8505	731.6832	732.6845	736.0462	3.3617	736.6896	737.694	1.0045
12	1	23	1	sarcasm	3	CNh3_3.wav	SPposf1_3.wav	CN_SPpos	3	5	2	valid	2	valid	2.8388	1.2007	h3	f1	740.6786	741.6786	744.5174	745.5174	746.7181	747.7181	751.7181	751.7181	755.7181	740.6925	741.694	744.5293	745.5306	746.7315	747.7328	749.7538	2.021	751.7204	753.3107	1.5903
12	1	23	1	sarcasm	3	CNf2_3.wav	SNnegf4_3.wav	CN_SNneg	3	1	1	valid	2	valid	2.8908	1.3851	f2	f4	755.7181	756.7181	759.6089	760.6089	761.994	762.994	766.994	766.994	770.994	755.7245	756.7251	759.6109	760.6126	761.9967	762.9982	765.0864	2.0883	767.0021	768.414	1.4119
12	1	23	1	sarcasm	3	CNh2_7.wav	SNnegf1_7.wav	CN_SNneg	7	1	1	valid	1	valid	2.3136	1.1075	h2	f1	770.994	771.994	774.3076	775.3076	776.4151	777.4151	781.4151	781.4151	785.4151	771.0059	772.007	774.3091	775.3101	776.4277	777.4298	778.0465	0.61671	781.433	782.3422	0.90917
12	1	23	1	sarcasm	3	CNf2_4.wav	SPposh3_4.wav	CN_SPpos	4	5	5	valid	3	valid	1.861	1.246	f2	h3	785.4151	786.4151	788.2761	789.2761	790.5221	791.5221	795.5221	795.5221	799.5221	785.4204	786.4214	788.2895	789.2916	790.5252	791.5265	792.9981	1.4716	795.5303	796.7345	1.2042
12	1	23	1	sarcasm	3	CNh2_2.wav	SNnegh4_2.wav	CN_SNneg	2	1	4	directvalide	4	valid	1.8826	1.2469	h2	h4	799.5221	800.5221	802.4047	803.4047	804.6516	805.6516	809.6516	809.6516	813.6516	799.5345	800.5355	802.4203	803.4216	804.6558	805.658	806.4222	0.7642	809.661	810.7185	1.0576
12	1	23	1	sarcasm	3	CNh3_1.wav	SNnegh2_1.wav	CN_SNneg	1	1	2	valid	1	valid	2.1412	1.1588	h3	h2	813.6516	814.6516	816.7928	817.7928	818.9516	819.9516	823.9516	823.9516	827.9516	813.6652	814.666	816.8013	817.8026	818.9535	819.9549	822.7822	2.8274	823.9596	825.5315	1.5718
12	1	23	1	sarcasm	3	CPh1_3.wav	SNposh2_3.wav	CP_SNpos	3	4	5	valid	5	valid	1.6592	1.1263	h1	h2	827.9516	828.9516	830.6108	831.6108	832.7371	833.7371	837.7371	837.7371	841.7371	827.9628	828.9638	830.615	831.6162	832.7504	833.7517	835.0783	1.3266	837.7559	838.7265	0.97056
12	1	23	1	sarcasm	3	CNh3_2.wav	SPposh4_2.wav	CN_SPpos	2	5	4	valid	3	directvalide	1.8451	1.4027	h3	h4	841.7371	842.7371	844.5822	845.5822	846.9849	847.9849	851.9849	851.9849	855.9849	841.7432	842.7442	844.5957	845.5966	846.9979	847.9995	849.07	1.0705	851.9866	852.7658	0.77924
12	1	23	1	sarcasm	3	CPf2_5.wav	SNnegf3_5.wav	CP_SNneg	5	4	1	valid	1	valid	2.1539	1.1299	f2	f3	855.9849	856.9849	859.1388	860.1388	861.2687	862.2687	866.2687	866.2687	870.2687	855.9903	856.9916	859.1435	860.1447	861.2788	862.2803	862.7337	0.45346	866.2838	866.8223	0.5385
12	1	23	1	sarcasm	3	CPh4_4.wav	SNnegf1_4.wav	CP_SNneg	4	4	2	valid	1	valid	2.1942	1.3121	h4	f1	870.2687	871.2687	873.4629	874.4629	875.775	876.775	880.775	880.775	884.775	870.2713	871.2724	873.4743	874.4755	875.7766	876.7793	878.3334	1.5542	880.7819	881.5817	0.79977
12	1	23	1	sarcasm	3	CPh2_1.wav	SPposh3_1.wav	CP_SPpos	1	1	1	valid	1	valid	2.1184	1.0081	h2	h3	884.775	885.775	887.8934	888.8934	889.9015	890.9015	894.9015	894.9015	898.9015	884.7867	885.7871	887.9055	888.9069	889.9074	890.9095	892.7901	1.8806	894.9127	895.742	0.82929
12	1	23	1	sarcasm	3	CPh4_3.wav	SPnegh2_3.wav	CP_SPneg	3	4	1	valid	1	valid	1.9518	1.045	h4	h2	898.9015	899.9015	901.8533	902.8533	903.8983	904.8983	908.8983	908.8983	912.8983	898.9168	899.9187	901.8694	902.8706	903.9046	904.906	906.5416	1.6356	908.9098	909.5442	0.63434
