subID	 genre	 age	 task	 run	 Context 	 Statement	 Condition_name	 Situation	 Evaluation_Score	 Validation_Type	 Time_Context	 Time_Statement	 Voice_Context	 Voice_Statement	 Time_Onset	 Time_Onset_Context	 Time_End_Context	 Time_Onset_Statement	 Time_End_Statement	 Onset_Evaluation	 End_Evaluation	 Real_Time_Onset	 Real_Time_Onset_Context	 Real_Time_End_Context	 Real_Time_Onset_Statement	 Real_Time_End_Statement	 Real_Time_Onset_Evaluation	 Real_Time_End_Evaluation	 RT	 Jitter
10	2	27	tom	5	CNh4_2.wav	SPnegf2_2.wav	CN_SPneg	2	3	directvalide	2.2235	1.4316	h4	f2	0	1	3.2235	4.5628	5.9944	6.9944	9.7871	0.0022558	1.0014	3.2244	4.5645	5.9953	6.9958	9.2885	2.2926	1.3393
10	2	27	tom	5	CNf2_5.wav	SPnegf1_5.wav	CN_SPneg	5	2	valid	2.315	0.95098	f2	f1	9.7871	10.7871	13.102	14.1854	15.1364	16.1364	21.002	9.8032	10.788	13.1029	14.1866	15.1373	16.1379	20.5035	4.3656	1.0834
10	2	27	tom	5	CPh4_10.wav	SNposf3_10.wav	CP_SNpos	10	4	valid	2.1244	0.85544	h4	f3	21.002	22.002	24.1264	24.7731	25.6285	26.6285	30.9903	21.0175	22.0034	24.1273	24.7745	25.6294	26.6297	30.4915	3.8618	0.6467
10	2	27	tom	5	CPf2_2.wav	SNposf3_2.wav	CP_SNpos	2	2	valid	1.6952	1.1631	f2	f3	30.9903	31.9903	33.6855	34.5064	35.6694	36.6694	40.6562	31.005	31.9916	33.6864	34.5077	35.6703	36.6709	40.1576	3.4867	0.82085
10	2	27	tom	5	CNh1_15.wav	SNnegf3_15.wav	CN_SNneg	15	4	valid	1.6736	1.0843	h1	f3	40.6562	41.6562	43.3298	44.4245	45.5089	46.5089	49.3033	40.6715	41.6574	43.3307	44.426	45.5098	46.5101	48.8045	2.2945	1.0947
10	2	27	tom	5	CNh1_2.wav	SNnegh2_2.wav	CN_SNneg	2	3	directvalide	1.6283	1.1344	h1	h2	49.3033	50.3033	51.9316	53.0699	54.2043	55.2043	56.4813	49.3177	50.3048	51.9326	53.0715	54.2053	55.2057	55.9827	0.77698	1.1383
10	2	27	tom	5	CPf2_3.wav	SNposh2_3.wav	CP_SNpos	3	4	valid	1.7274	1.1263	f2	h2	56.4813	57.4813	59.2087	59.7403	60.8666	61.8666	63.1634	56.4975	57.4826	59.2096	59.7413	60.8675	61.8678	62.6647	0.7969	0.53155
10	2	27	tom	5	CNh3_8.wav	SPnegh1_8.wav	CN_SPneg	8	4	valid	2.0439	1.3794	h3	h1	63.1634	64.1634	66.2074	67.5429	68.9223	69.9223	73.4672	63.1785	64.1648	66.2083	67.5441	68.9232	69.9234	72.9683	3.0449	1.3355
10	2	27	tom	5	CNh2_16.wav	SPnegh3_16.wav	CN_SPneg	16	1	valid	2.0371	0.79438	h2	h3	73.4672	74.4672	76.5043	77.3452	78.1395	79.1395	83.3642	73.4827	74.4685	76.5052	77.3465	78.1405	79.1408	82.8655	3.7247	0.8409
10	2	27	tom	5	CNh2_14.wav	SNnegf4_14.wav	CN_SNneg	14	2	valid	1.8744	1.262	h2	f4	83.3642	84.3642	86.2387	87.4597	88.7217	89.7217	92.1379	83.3803	84.3654	86.2397	87.461	88.723	89.7232	91.6395	1.9162	1.2211
10	2	27	tom	5	CNh1_12.wav	SNnegf2_12.wav	CN_SNneg	12	4	valid	1.8513	0.83299	h1	f2	92.1379	93.1379	94.9892	95.6058	96.4388	97.4388	99.6569	92.1534	93.1392	94.9902	95.6071	96.4398	97.4402	99.1584	1.7181	0.61661
10	2	27	tom	5	CNh1_10.wav	SPnegf1_10.wav	CN_SPneg	10	1	valid	1.8328	0.98107	h1	f1	99.6569	100.6569	102.4897	103.5387	104.5198	105.5198	107.1249	99.6731	100.6584	102.4906	103.5401	104.5207	105.5211	106.6262	1.1051	1.049
10	2	27	tom	5	CPf1_8.wav	SNposf2_8.wav	CP_SNpos	8	3	valid	1.4084	0.85624	f1	f2	107.1249	108.1249	109.5333	110.9081	111.7643	112.7643	117.5304	107.1402	108.1262	109.5342	110.9094	111.7653	112.7655	117.0316	4.266	1.3748
10	2	27	tom	5	CPf1_5.wav	SPposh4_5.wav	CP_SPpos	5	4	valid	2.1397	0.82456	f1	h4	117.5304	118.5304	120.6701	121.467	122.2916	123.2916	125.5821	117.5452	118.5318	120.671	121.4681	122.2925	123.2929	125.0834	1.7905	0.79691
10	2	27	tom	5	CPh4_14.wav	SNposh3_14.wav	CP_SNpos	14	3	directvalide	2.2474	1.2057	h4	h3	125.5821	126.5821	128.8295	129.8798	131.0855	132.0855	134.1721	125.5976	126.5834	128.8303	129.8807	131.0864	132.0869	133.6735	1.5866	1.0504
10	2	27	tom	5	CNf4_7.wav	SNnegf3_7.wav	CN_SNneg	7	1	valid	2.546	1.2541	f4	f3	134.1721	135.1721	137.7181	138.6627	139.9168	140.9168	142.8554	134.1874	135.1735	137.7191	138.664	139.9177	140.918	142.3567	1.4386	0.94458
10	2	27	tom	5	CNf2_11.wav	SNnegf4_11.wav	CN_SNneg	11	1	valid	2.744	1.2517	f2	f4	142.8554	143.8554	146.5995	147.4097	148.6614	149.6614	151.2326	142.8708	143.8569	146.6004	147.411	148.6623	149.6624	150.7337	1.0713	0.81021
10	2	27	tom	5	CNf3_4.wav	SPnegf1_4.wav	CN_SPneg	4	5	valid	2.0373	1.267	f3	f1	151.2326	152.2326	154.2699	155.2642	156.5312	157.5312	159.3227	151.2477	152.234	154.2708	155.2655	156.5321	157.5326	158.8241	1.2916	0.99428
10	2	27	tom	5	CNh2_11.wav	SPnegf1_11.wav	CN_SPneg	11	2	valid	2.2526	1.1135	h2	f1	159.3227	160.3227	162.5753	163.929	165.0425	166.0425	167.8582	159.3401	160.324	162.5762	163.9302	165.0435	166.0437	167.3594	1.3157	1.3537
10	2	27	tom	5	CNh4_14.wav	SPnegf3_14.wav	CN_SPneg	14	4	valid	2.6	1.071	h4	f3	167.8582	168.8582	171.4582	172.2584	173.3295	174.3295	176.0543	167.8766	168.8596	171.4591	172.2597	173.3303	174.3307	175.5555	1.2248	0.80022
10	2	27	tom	5	CNh2_7.wav	SPnegh1_7.wav	CN_SPneg	7	4	valid	2.3136	1.3312	h2	h1	176.0543	177.0543	179.3678	180.6289	181.9601	182.9601	184.3161	176.0706	177.0556	179.3687	180.6303	181.961	182.9615	183.8174	0.85597	1.2611
10	2	27	tom	5	CPf4_9.wav	SPposh2_9.wav	CP_SPpos	9	3	valid	2.0725	1.1019	f4	h2	184.3161	185.3161	187.3886	188.2507	189.3526	190.3526	192.4629	184.3314	185.3176	187.3895	188.252	189.3535	190.3539	191.9643	1.6104	0.86209
10	2	27	tom	5	CPf3_1.wav	SNposh1_1.wav	CP_SNpos	1	3	valid	2.2437	0.97426	f3	h1	192.4629	193.4629	195.7066	197.0023	197.9765	198.9765	202.04	192.4776	193.4643	195.7075	197.0037	197.9774	198.9778	201.5413	2.5635	1.2957
10	2	27	tom	5	CNf1_9.wav	SNnegh3_9.wav	CN_SNneg	9	4	nonvalid	2.1994	1.1573	f1	h3	202.04	203.04	205.2393	205.7473	206.9046	207.9046	213.4046	202.0545	203.0412	205.2403	205.7484	206.9062	207.9065	NaN	NaN	0.50795
10	2	27	tom	5	CNh4_6.wav	SNnegf2_6.wav	CN_SNneg	6	3	valid	2.9964	0.96653	h4	f2	213.4046	214.4046	217.401	218.194	219.1605	220.1605	222.045	213.4066	214.4063	217.4019	218.1953	219.1614	220.1618	221.5463	1.3845	0.79298
10	2	27	tom	5	CPf2_7.wav	SNposh1_7.wav	CP_SNpos	7	3	valid	1.8314	0.97909	f2	h1	222.045	223.045	224.8764	225.5975	226.5766	227.5766	229.794	222.0611	223.0462	224.8773	225.5988	226.5776	227.5779	229.2953	1.7174	0.72114
10	2	27	tom	5	CNf4_3.wav	SNnegh2_3.wav	CN_SNneg	3	5	valid	3.3344	1.1466	f4	h2	229.794	230.794	234.1284	234.7141	235.8607	236.8607	239.5094	229.8132	230.7949	234.1293	234.7152	235.8616	236.8616	239.0104	2.1487	0.58564
10	2	27	tom	5	CPf3_11.wav	SNposf4_11.wav	CP_SNpos	11	3	valid	2.5626	1.0414	f3	f4	239.5094	240.5094	243.072	243.9019	244.9432	245.9432	248.0171	239.5244	240.5109	243.073	243.9032	244.9442	245.9444	247.5183	1.5739	0.82982
10	2	27	tom	5	CPh2_10.wav	SPposf4_10.wav	CP_SPpos	10	1	valid	1.7423	1.0568	h2	f4	248.0171	249.0171	250.7594	251.4624	252.5192	253.5192	254.8816	248.0322	249.0186	250.7603	251.4635	252.52	253.5206	254.383	0.86249	0.70295
10	2	27	tom	5	CPf1_9.wav	SNposh1_9.wav	CP_SNpos	9	4	valid	1.917	0.95016	f1	h1	254.8816	255.8816	257.7986	258.5975	259.5477	260.5477	264.5369	254.8984	255.8829	257.7996	258.5988	259.5485	260.5491	264.0383	3.4893	0.79886
10	2	27	tom	5	CNh1_8.wav	SNnegf4_8.wav	CN_SNneg	8	5	valid	1.9775	1.1183	h1	f4	264.5369	265.5369	267.5144	269.0052	270.1235	271.1235	272.5011	264.552	265.5384	267.5153	269.0064	270.1245	271.1248	272.0023	0.87756	1.4908
10	2	27	tom	5	CPh4_6.wav	SPposf1_6.wav	CP_SPpos	6	2	valid	2.3583	1.0834	h4	f1	272.5011	273.5011	275.8593	276.9158	277.9992	278.9992	284.3922	272.5157	273.5023	275.8603	276.9171	278.0001	279.0004	283.8935	4.893	1.0564
10	2	27	tom	5	CPh4_5.wav	SNposf2_5.wav	CP_SNpos	5	5	valid	2.2763	1.0086	h4	f2	284.3922	285.3922	287.6685	288.9218	289.9304	290.9304	291.9303	284.407	285.3936	287.6694	288.9229	289.9313	290.9316	291.4314	0.49985	1.2532
10	2	27	tom	5	CPf1_1.wav	SPposf2_1.wav	CP_SPpos	1	1	valid	2.1233	1.0405	f1	f2	291.9303	292.9303	295.0536	296.1399	297.1805	298.1805	299.3811	291.9448	292.9315	295.0545	296.1411	297.1813	298.1817	298.8823	0.7006	1.0863
10	2	27	tom	5	CPh2_13.wav	SNposf4_13.wav	CP_SNpos	13	4	valid	1.8256	1.4005	h2	f4	299.3811	300.3811	302.2067	303.0718	304.4722	305.4722	309.7911	299.3966	300.3823	302.2076	303.0729	304.4732	305.4734	309.2923	3.8189	0.86507
10	2	27	tom	5	CNh4_15.wav	SPnegh1_15.wav	CN_SPneg	15	5	valid	2.4177	1.4035	h4	h1	309.7911	310.7911	313.2089	314.0092	315.4127	316.4127	320.5119	309.8062	310.7924	313.2097	314.0104	315.4136	316.4138	320.013	3.5992	0.8003
10	2	27	tom	5	CPf3_12.wav	SNposf1_12.wav	CP_SNpos	12	3	directvalide	1.8798	0.81823	f3	f1	320.5119	321.5119	323.3917	324.03	324.8482	325.8482	329.6172	320.5299	321.5129	323.3926	324.0309	324.8491	325.8494	329.1184	3.269	0.6383
10	2	27	tom	5	CNf4_9.wav	SPnegf1_9.wav	CN_SPneg	9	3	valid	2.6368	1.3602	f4	f1	329.6172	330.6172	333.254	334.0389	335.3991	336.3991	340.0514	329.6343	330.6182	333.2548	334.0399	335.4	336.4001	339.5523	3.1522	0.78491
10	2	27	tom	5	CNh2_10.wav	SNnegf3_10.wav	CN_SNneg	10	4	valid	2.0737	0.93424	h2	f3	340.0514	341.0514	343.125	344.5875	345.5218	346.5218	349.4073	340.0657	341.0531	343.1259	344.5888	345.5227	346.5228	348.9083	2.3855	1.4625
10	2	27	tom	5	CNf1_4.wav	SNnegf4_4.wav	CN_SNneg	4	5	valid	1.5589	1.6621	f1	f4	349.4073	350.4073	351.9662	353.0789	354.7409	355.7409	356.9769	349.4209	350.4083	351.967	353.0802	354.7418	355.7422	356.4782	0.736	1.1127
10	2	27	tom	5	CPh1_4.wav	SPposf4_4.wav	CP_SPpos	4	1	valid	2.0088	1.6416	h1	f4	356.9769	357.9769	359.9857	360.6645	362.3061	363.3061	364.2799	356.9923	357.9782	359.9866	360.6656	362.307	363.3072	363.781	0.47378	0.67879
10	2	27	tom	5	CPh2_15.wav	SPposh4_15.wav	CP_SPpos	15	1	valid	1.6427	0.9251	h2	h4	364.2799	365.2799	366.9225	367.6709	368.596	369.596	371.6784	364.2944	365.2809	366.9234	367.6721	368.5969	369.597	371.1793	1.5823	0.74839
10	2	27	tom	5	CNh1_3.wav	SPnegh4_3.wav	CN_SPneg	3	3	valid	2.4936	1.1162	h1	h4	371.6784	372.6784	375.1719	376.4969	377.6131	378.6131	383.5966	371.6966	372.6793	375.1729	376.4983	377.614	378.6144	383.0979	4.4834	1.325
10	2	27	tom	5	CPh2_4.wav	SNposf4_4.wav	CP_SNpos	4	3	directvalide	2.4925	1.6262	h2	f4	383.5966	384.5966	387.0891	388.2451	389.8713	390.8713	391.5936	383.6111	384.5978	387.0899	388.2463	389.8726	390.8729	391.0951	0.22227	1.1561
10	2	27	tom	5	CNh4_1.wav	SNnegh1_1.wav	CN_SNneg	1	2	valid	2.6198	0.97426	h4	h1	391.5936	392.5936	395.2135	395.7574	396.7317	397.7317	399.551	391.6085	392.595	395.2143	395.7584	396.7327	397.7328	399.0521	1.3193	0.54399
10	2	27	tom	5	CPh3_13.wav	SPposh1_13.wav	CP_SPpos	13	2	valid	1.7581	0.73794	h3	h1	399.551	400.551	402.3091	403.3994	404.1373	405.1373	409.3137	399.5638	400.5519	402.31	403.4005	404.1382	405.1385	408.8149	3.6763	1.0903
10	2	27	tom	5	CNh2_5.wav	SNnegh3_5.wav	CN_SNneg	5	4	valid	2.09	0.98794	h2	h3	409.3137	410.3137	412.4036	413.3732	414.3611	415.3611	416.5671	409.3312	410.3149	412.4046	413.3744	414.3621	415.3623	416.0682	0.70591	0.96959
10	2	27	tom	5	CPf3_8.wav	SPposh2_8.wav	CP_SPpos	8	2	valid	1.6434	1.0084	f3	h2	416.5671	417.5671	419.2104	420.3463	421.3547	422.3547	425.0405	416.5815	417.5682	419.2113	420.3473	421.3559	422.3561	424.5419	2.1857	1.1359
10	2	27	tom	5	CNf3_13.wav	SNnegh4_13.wav	CN_SNneg	13	1	valid	2.2212	1.086	f3	h4	425.0405	426.0405	428.2616	429.0759	430.1618	431.1618	432.5468	425.0549	426.0417	428.2626	429.077	430.1628	431.163	432.048	0.88495	0.81421
10	2	27	tom	5	CPf4_3.wav	SPposf1_3.wav	CP_SPpos	3	1	valid	2.1392	1.2007	f4	f1	432.5468	433.5468	435.686	436.6317	437.8324	438.8324	440.0528	432.5615	433.5479	435.6868	436.6326	437.8334	438.8336	439.554	0.72039	0.94572
10	2	27	tom	5	CPf2_6.wav	SNposh1_6.wav	CP_SNpos	6	3	directvalide	1.7704	0.92122	f2	h1	440.0528	441.0528	442.8232	443.9603	444.8816	445.8816	446.7155	440.0674	441.054	442.8242	443.9614	444.8824	445.883	446.217	0.334	1.1371
10	2	27	tom	5	CPh3_16.wav	SNposf4_16.wav	CP_SNpos	16	2	valid	1.9799	0.85156	h3	f4	446.7155	447.7155	449.6955	450.6007	451.4523	452.4523	455.0816	446.7296	447.7168	449.6964	450.6019	451.4532	452.4535	454.5828	2.1293	0.90528
10	2	27	tom	5	CPf1_2.wav	SPposf3_2.wav	CP_SPpos	2	1	valid	1.8026	1.7879	f1	f3	455.0816	456.0816	457.8843	458.6421	460.43	461.43	463.636	455.0975	456.0826	457.8851	458.6433	460.4309	461.4311	463.1371	1.706	0.7578
10	2	27	tom	5	CPh2_12.wav	SPposf2_12.wav	CP_SPpos	12	1	valid	1.9761	0.82431	h2	f2	463.636	464.636	466.6121	467.4285	468.2529	469.2529	470.7769	463.6515	464.637	466.613	467.4296	468.2537	469.2541	470.2782	1.024	0.81644
10	2	27	tom	5	CNh2_6.wav	SPnegh3_6.wav	CN_SPneg	6	3	valid	2.4152	1.1089	h2	h3	470.7769	471.7769	474.1921	475.071	476.1799	477.1799	480.557	470.7918	471.778	474.193	475.0726	476.1808	477.181	480.0581	2.8771	0.87888
10	2	27	tom	5	CPh1_11.wav	SPposf2_11.wav	CP_SPpos	11	2	valid	2.344	0.89397	h1	f2	480.557	481.557	483.9011	485.0044	485.8984	486.8984	489.3928	480.5721	481.5581	483.902	485.0059	485.8993	486.8995	488.8939	1.9944	1.1034
10	2	27	tom	5	CNh1_13.wav	SPnegf4_13.wav	CN_SPneg	13	4	valid	1.881	0.99007	h1	f4	489.3928	490.3928	492.2739	492.906	493.8961	494.8961	497.7169	489.4078	490.3942	492.2748	492.907	493.897	494.8972	497.2181	2.3209	0.63214
10	2	27	tom	5	CPf2_7.wav	SPposf3_7.wav	CP_SPpos	7	3	nonvalid	1.8314	1.1291	f2	f3	497.7169	498.7169	500.5483	501.258	502.3871	503.3871	508.8871	497.7335	498.7183	500.5492	501.2592	502.388	503.3882	NaN	NaN	0.70976
10	2	27	tom	5	CNh1_16.wav	SNnegf3_16.wav	CN_SNneg	16	4	valid	1.5868	0.98302	h1	f3	508.8871	509.8871	511.4739	512.7751	513.7581	514.7581	517.0495	508.8884	509.8881	511.4748	512.7761	513.759	514.7594	516.5507	1.7913	1.3012
10	2	27	tom	5	CNh2_12.wav	SPnegh3_12.wav	CN_SPneg	12	5	valid	2.094	0.96778	h2	h3	517.0495	518.0495	520.1435	521.0663	522.0341	523.0341	525.6745	517.0647	518.0504	520.1444	521.0674	522.035	523.0353	525.1757	2.1405	0.92282
10	2	27	tom	5	CNf4_1.wav	SPnegh1_1.wav	CN_SPneg	1	4	valid	2.7904	1.1286	f4	h1	525.6745	526.6745	529.4649	530.7073	531.8359	532.8359	536.0167	525.6899	526.6758	529.4658	530.7083	531.8368	532.837	535.5179	2.6808	1.2424
10	2	27	tom	5	CPf4_14.wav	SPposh3_14.wav	CP_SPpos	14	1	valid	2.4675	1.1129	f4	h3	536.0167	537.0167	539.4842	540.0313	541.1443	542.1443	544.5268	536.0323	537.0178	539.4851	540.0324	541.1452	542.1454	544.028	1.8825	0.54716
10	2	27	tom	5	CPf2_16.wav	SPposf1_16.wav	CP_SPpos	16	1	valid	2.1088	0.90583	f2	f1	544.5268	545.5268	547.6356	548.7026	549.6084	550.6084	553.4609	544.5413	545.528	547.6365	548.7042	549.6093	550.6093	552.9618	2.3525	1.067
10	2	27	tom	5	CPh3_15.wav	SNposh1_15.wav	CP_SNpos	15	4	valid	1.4517	0.93569	h3	h1	553.4609	554.4609	555.9125	556.9734	557.9091	558.9091	561.608	553.4759	554.462	555.9134	556.9745	557.91	558.9103	561.1091	2.1988	1.0609
