subID	 genre	 age	 task	 run	 Context 	 Statement	 Condition_name	 Situation	 Evaluation_Score	 Validation_Type	 Time_Context	 Time_Statement	 Voice_Context	 Voice_Statement	 Time_Onset	 Time_Onset_Context	 Time_End_Context	 Time_Onset_Statement	 Time_End_Statement	 Onset_Evaluation	 End_Evaluation	 Real_Time_Onset	 Real_Time_Onset_Context	 Real_Time_End_Context	 Real_Time_Onset_Statement	 Real_Time_End_Statement	 Real_Time_Onset_Evaluation	 Real_Time_End_Evaluation	 RT	 Jitter
2	2	28	sarcasm	1	CPh3_3.wav	SPposf1_3.wav	CP_SPpos	3	2	directvalide	1.8993	1.2007	h3	f1	0	1	2.8993	3.8555	5.0562	6.0562	11.3903	0.0040767	1.0018	2.9006	3.8573	5.0578	6.058	10.8921	4.8341	0.95622
2	2	28	sarcasm	1	CNf3_2.wav	SNnegf2_2.wav	CN_SNneg	2	2	directvalide	1.7522	1.171	f3	f2	11.3903	12.3903	14.1425	15.3615	16.5325	17.5325	22.8324	11.4172	12.3921	14.1439	15.3633	16.5339	17.5343	22.3342	4.7999	1.219
2	2	28	sarcasm	1	CPh3_15.wav	SPposh2_15.wav	CP_SPpos	15	4	directvalide	1.4517	0.90673	h3	h2	22.8324	23.8324	25.2841	26.7219	27.6286	28.6286	31.7625	22.8538	23.8342	25.2855	26.7237	27.6301	28.6305	31.2644	2.6339	1.4378
2	2	28	sarcasm	1	CNh4_9.wav	SNnegf1_9.wav	CN_SNneg	9	4	directvalide	2.7982	1.1315	h4	f1	31.7625	32.7625	35.5607	36.4753	37.6068	38.6068	41.4606	31.7815	32.764	35.5621	36.4766	37.6082	38.6087	40.9625	2.3538	0.91459
2	2	28	sarcasm	1	CNh4_11.wav	SPnegf3_11.wav	CN_SPneg	11	2	valid	3.0043	1.19	h4	f3	41.4606	42.4606	45.4649	46.7193	47.9094	48.9094	52.138	41.4828	42.4625	45.4663	46.7211	47.9108	48.9111	51.6398	2.7287	1.2544
2	2	28	sarcasm	1	CPh2_11.wav	SNposh3_11.wav	CP_SNpos	11	4	directvalide	2.4152	0.79438	h2	h3	52.138	53.138	55.5533	56.5301	57.3245	58.3245	61.8269	52.1633	53.1398	55.555	56.5319	57.3259	58.3261	61.3285	3.0024	0.97684
2	2	28	sarcasm	1	CNf1_10.wav	SNnegh1_10.wav	CN_SNneg	10	2	valid	2.1186	0.78134	f1	h1	61.8269	62.8269	64.9455	65.844	66.6254	67.6254	70.9873	61.8435	62.8286	64.9469	65.8458	66.6267	67.6267	70.4887	2.862	0.8985
2	2	28	sarcasm	1	CNf2_8.wav	SNnegh3_8.wav	CN_SNneg	8	3	valid	2.4114	0.95163	f2	h3	70.9873	71.9873	74.3987	75.4561	76.4077	77.4077	80.103	71.0026	71.9891	74.4002	75.458	76.4091	77.4094	79.6047	2.1953	1.0574
2	2	28	sarcasm	1	CNf2_6.wav	SNnegf4_6.wav	CN_SNneg	6	2	valid	2.7307	1.0978	f2	f4	80.103	81.103	83.8337	85.2699	86.3677	87.3677	88.6619	80.1194	81.1053	83.8351	85.272	86.3691	87.3696	88.1637	0.79417	1.4362
2	2	28	sarcasm	1	CNh4_3.wav	SNnegf3_3.wav	CN_SNneg	3	2	directvalide	2.8305	1.3695	h4	f3	88.6619	89.6619	92.4924	93.6501	95.0196	96.0196	99.4992	88.6825	89.6636	92.4938	93.6518	95.0216	96.0219	99.0015	2.9797	1.1577
2	2	28	sarcasm	1	CNh3_9.wav	SPnegf3_9.wav	CN_SPneg	9	5	valid	2.246	1.2742	h3	f3	99.4992	100.4992	102.7452	104.1573	105.4315	106.4315	108.3645	99.5158	100.501	102.7466	104.1591	105.4329	106.4335	107.8664	1.433	1.4121
2	2	28	sarcasm	1	CPf2_9.wav	SNposf3_9.wav	CP_SNpos	9	1	directvalide	1.8779	1.3207	f2	f3	108.3645	109.3645	111.2424	112.1255	113.4463	114.4463	116.0577	108.38	109.3661	111.2438	112.1271	113.4476	114.4482	115.5596	1.1114	0.88313
2	2	28	sarcasm	1	CNf4_6.wav	SPnegh3_6.wav	CN_SPneg	6	2	valid	2.8984	1.1089	f4	h3	116.0577	117.0577	119.956	121.0451	122.154	123.154	124.4991	116.0737	117.0594	119.9575	121.0467	122.1554	123.1556	124.0006	0.84507	1.0891
2	2	28	sarcasm	1	CPf4_5.wav	SNposh2_5.wav	CP_SNpos	5	5	directvalide	2.4223	0.99619	f4	h2	124.4991	125.4991	127.9214	128.5007	129.4968	130.4968	132.0217	124.5152	125.5009	127.9227	128.5023	129.4983	130.4987	131.5236	1.0249	0.57928
2	2	28	sarcasm	1	CNh2_11.wav	SNnegf2_11.wav	CN_SNneg	11	2	directvalide	2.2526	0.90413	h2	f2	132.0217	133.0217	135.2743	135.8475	136.7517	137.7517	142.4228	132.0384	133.0231	135.2757	135.8493	136.753	137.7534	141.9246	4.1712	0.5732
2	2	28	sarcasm	1	CPh3_9.wav	SPposh1_9.wav	CP_SPpos	9	1	valid	2.0128	0.8344	h3	h1	142.4228	143.4228	145.4356	146.7438	147.5782	148.5782	151.0677	142.4403	143.4247	145.437	146.7453	147.5796	148.5799	150.5694	1.9895	1.3082
2	2	28	sarcasm	1	CPh4_2.wav	SPposf3_2.wav	CP_SPpos	2	1	directvalide	2.0214	1.7879	h4	f3	151.0677	152.0677	154.0891	155.5818	157.3697	158.3697	159.8458	151.0852	152.0695	154.0904	155.5835	157.3717	158.3718	159.3478	0.97602	1.4927
2	2	28	sarcasm	1	CPh4_13.wav	SNposh2_13.wav	CP_SNpos	13	5	valid	2.061	0.99211	h4	h2	159.8458	160.8458	162.9068	163.6306	164.6227	165.6227	167.5423	159.8664	160.8472	162.9082	163.6322	164.6241	165.6242	167.0438	1.4196	0.72385
2	2	28	sarcasm	1	CPf4_7.wav	SNposh4_7.wav	CP_SNpos	7	5	valid	2.1392	1.267	f4	h4	167.5423	168.5423	170.6815	171.3553	172.6223	173.6223	175.252	167.5574	168.5441	170.6829	171.357	172.6236	173.624	174.7537	1.1297	0.6738
2	2	28	sarcasm	1	CNf1_5.wav	SNnegh4_5.wav	CN_SNneg	5	1	valid	1.9802	0.99549	f1	h4	175.252	176.252	178.2322	178.9016	179.897	180.897	182.3043	175.268	176.2536	178.2335	178.9033	179.8985	180.8985	181.8058	0.90731	0.66938
2	2	28	sarcasm	1	CNh2_16.wav	SPnegh1_16.wav	CN_SPneg	16	5	directvalide	2.0371	1.1527	h2	h1	182.3043	183.3043	185.3414	186.4591	187.6118	188.6118	190.671	182.3202	183.3062	185.3428	186.4609	187.6132	188.6136	190.1728	1.5592	1.1177
2	2	28	sarcasm	1	CPf1_14.wav	SNposh3_14.wav	CP_SNpos	14	1	valid	1.9952	1.2057	f1	h3	190.671	191.671	193.6662	194.9348	196.1405	197.1405	199.0764	190.6872	191.6727	193.6676	194.9368	196.142	197.1423	198.5781	1.4359	1.2686
2	2	28	sarcasm	1	CNf3_16.wav	SNnegf2_16.wav	CN_SNneg	16	1	valid	1.8798	0.65016	f3	f2	199.0764	200.0764	201.9561	203.2982	203.9484	204.9484	206.2761	199.0973	200.0779	201.9575	203.3001	203.9498	204.95	205.7776	0.82765	1.3421
2	2	28	sarcasm	1	CNf4_1.wav	SNnegh1_1.wav	CN_SNneg	1	1	valid	2.7904	0.97426	f4	h1	206.2761	207.2761	210.0664	211.2705	212.2447	213.2447	214.3379	206.2981	207.2777	210.0678	211.2723	212.2461	213.2465	213.8397	0.59315	1.2041
2	2	28	sarcasm	1	CNf2_15.wav	SNnegf4_15.wav	CN_SNneg	15	2	directvalide	2.1254	1.421	f2	f4	214.3379	215.3379	217.4633	218.23	219.6509	220.6509	224.9159	214.3532	215.3395	217.4646	218.2315	219.6524	220.6527	224.4177	3.765	0.76671
2	2	28	sarcasm	1	CPh1_4.wav	SPposh4_4.wav	CP_SPpos	4	5	directvalide	2.0088	1.2217	h1	h4	224.9159	225.9159	227.9247	229.41	230.6317	231.6317	235.9539	224.9316	225.9176	227.9261	229.4118	230.6331	231.6335	235.4557	3.8222	1.4852
2	2	28	sarcasm	1	CPh4_1.wav	SNposf4_1.wav	CP_SNpos	1	5	valid	2.6714	1.2466	h4	f4	235.9539	236.9539	239.6253	240.5663	241.8128	242.8128	244.0828	235.9739	236.9554	239.6266	240.5676	241.8142	242.8145	243.5844	0.76993	0.94101
2	2	28	sarcasm	1	CPh4_3.wav	SNposf4_3.wav	CP_SNpos	3	5	valid	2.1244	1.4518	h4	f4	244.0828	245.0828	247.2072	248.4094	249.8612	250.8612	252.558	244.0996	245.0845	247.2085	248.4111	249.8626	250.8628	252.0597	1.1969	1.2022
2	2	28	sarcasm	1	CNh4_7.wav	SPnegf3_7.wav	CN_SPneg	7	5	valid	2.5525	1.1581	h4	f3	252.558	253.558	256.1105	257.2209	258.379	259.379	260.7587	252.5735	253.5598	256.1119	257.2227	258.3804	259.3809	260.2606	0.87977	1.1104
2	2	28	sarcasm	1	CNh3_13.wav	SPnegh2_13.wav	CN_SPneg	13	5	directvalide	2.3791	0.8742	h3	h2	260.7587	261.7587	264.1378	265.211	266.0852	267.0852	268.3438	260.7746	261.7604	264.1392	265.2126	266.0865	267.0869	267.8456	0.75865	1.0731
2	2	28	sarcasm	1	CNf1_10.wav	SPnegh2_10.wav	CN_SPneg	10	3	valid	2.1186	0.92705	f1	h2	268.3438	269.3438	271.4625	272.8842	273.8113	274.8113	279.288	268.3597	269.3455	271.4638	272.8859	273.8127	274.8129	278.7896	3.9768	1.4218
2	2	28	sarcasm	1	CPh3_10.wav	SPposf1_10.wav	CP_SPpos	10	1	directvalide	1.8993	1.0412	h3	f1	279.288	280.288	282.1873	283.3199	284.3612	285.3612	289.7832	279.3073	280.2897	282.1886	283.3221	284.3626	285.3628	289.2848	3.922	1.1327
2	2	28	sarcasm	1	CNf3_12.wav	SNnegh1_12.wav	CN_SNneg	12	1	directvalide	1.9961	0.57395	f3	h1	289.7832	290.7832	292.7792	293.7604	294.3344	295.3344	296.9218	289.8031	290.7848	292.7807	293.7622	294.3358	295.3363	296.4237	1.0874	0.98121
2	2	28	sarcasm	1	CNf3_15.wav	SPnegh2_15.wav	CN_SPneg	15	5	directvalide	2.2024	0.87828	f3	h2	296.9218	297.9218	300.1242	301.3871	302.2654	303.2654	304.937	296.9383	297.9234	300.1256	301.3886	302.2668	303.2672	304.4387	1.1716	1.2629
2	2	28	sarcasm	1	CPf2_2.wav	SNposh1_2.wav	CP_SNpos	2	1	valid	1.6952	1.0129	f2	h1	304.937	305.937	307.6322	308.3658	309.3787	310.3787	312.3492	304.9525	305.9386	307.6335	308.3674	309.3801	310.3804	311.851	1.4705	0.73366
2	2	28	sarcasm	1	CPh2_15.wav	SNposf2_15.wav	CP_SNpos	15	1	valid	1.6427	1.0536	h2	f2	312.3492	313.3492	314.9919	316.2929	317.3465	318.3465	320.2891	312.374	313.351	314.9933	316.2944	317.3479	318.3482	319.7908	1.4427	1.301
2	2	28	sarcasm	1	CPf1_10.wav	SNposh3_10.wav	CP_SNpos	10	5	valid	1.7244	0.81857	f1	h3	320.2891	321.2891	323.0135	323.6145	324.4331	325.4331	329.9309	320.305	321.2908	323.0149	323.6162	324.4344	325.4346	329.4324	3.9978	0.60097
2	2	28	sarcasm	1	CNh3_3.wav	SPnegf1_3.wav	CN_SPneg	3	5	valid	2.8388	1.1315	h3	f1	329.9309	330.9309	333.7697	335.1716	336.3031	337.3031	339.6826	329.9535	330.9326	333.7716	335.1733	336.3049	337.3051	339.1846	1.8795	1.4019
2	2	28	sarcasm	1	CNh4_2.wav	SPnegf4_2.wav	CN_SPneg	2	5	directvalide	2.2235	1.9134	h4	f4	339.6826	340.6826	342.9061	344.0307	345.9441	346.9441	348.946	339.6987	340.6843	342.9075	344.0323	345.9455	346.9457	348.4476	1.5019	1.1245
2	2	28	sarcasm	1	CPf1_11.wav	SPposh2_11.wav	CP_SPpos	11	1	valid	2.5099	1.0002	f1	h2	348.946	349.946	352.4559	353.603	354.6032	355.6032	357.1857	348.9647	349.9477	352.4574	353.6052	354.6049	355.6052	356.6876	1.0825	1.1471
2	2	28	sarcasm	1	CPh2_6.wav	SNposh3_6.wav	CP_SNpos	6	4	valid	2.1103	0.95163	h2	h3	357.1857	358.1857	360.2959	360.8514	361.803	362.803	368.2345	357.202	358.1873	360.2973	360.853	361.8049	362.8051	367.7366	4.9315	0.55545
2	2	28	sarcasm	1	CPf3_16.wav	SNposf1_16.wav	CP_SNpos	16	5	valid	2.0749	0.74934	f3	f1	368.2345	369.2345	371.3094	371.8616	372.611	373.611	375.2472	368.2495	369.236	371.3107	371.8633	372.6124	373.6126	374.7488	1.1362	0.55228
2	2	28	sarcasm	1	CPf4_13.wav	SPposf1_13.wav	CP_SPpos	13	1	valid	2.0673	1.0322	f4	f1	375.2472	376.2472	378.3146	378.989	380.0212	381.0212	382.2268	375.2632	376.2497	378.316	378.9905	380.0227	381.0228	381.7284	0.70561	0.67442
2	2	28	sarcasm	1	CPf4_14.wav	SPposf1_14.wav	CP_SPpos	14	1	directvalide	2.4675	1.0714	f4	f1	382.2268	383.2268	385.6943	386.4568	387.5281	388.5281	391.2132	382.2446	383.2284	385.6958	386.4582	387.5295	388.5296	390.7147	2.1851	0.76249
2	2	28	sarcasm	1	CPf2_5.wav	SPposh3_5.wav	CP_SPpos	5	1	directvalide	2.1539	1.0121	f2	h3	391.2132	392.2132	394.3671	394.925	395.9371	396.9371	399.856	391.2321	392.2149	394.3685	394.9266	395.9385	396.9387	399.3576	2.4189	0.55783
2	2	28	sarcasm	1	CPf4_1.wav	SPposh4_1.wav	CP_SPpos	1	1	valid	2.3239	0.87483	f4	h4	399.856	400.856	403.1798	404.3209	405.1957	406.1957	411.0193	399.872	400.8576	403.1813	404.3227	405.1971	406.1973	410.5209	4.3236	1.141
2	2	28	sarcasm	1	CPh1_7.wav	SPposh2_7.wav	CP_SPpos	7	1	valid	1.7797	1.0856	h1	h2	411.0193	412.0193	413.799	414.6233	415.7089	416.7089	417.8482	411.0344	412.0208	413.8004	414.6249	415.7103	416.7106	417.3499	0.63931	0.82428
2	2	28	sarcasm	1	CPh4_12.wav	SPposf1_12.wav	CP_SPpos	12	1	valid	2.3305	1.0322	h4	f1	417.8482	418.8482	421.1788	421.9206	422.9528	423.9528	425.122	417.8655	418.8498	421.1801	421.9222	422.9549	423.9552	424.6244	0.6692	0.7418
2	2	28	sarcasm	1	CPf1_4.wav	SNposf2_4.wav	CP_SNpos	4	5	directvalide	2.2781	1.4802	f1	f2	425.122	426.122	428.4001	428.969	430.4493	431.4493	434.1401	425.143	426.1235	428.4014	428.9706	430.4506	431.4509	433.6418	2.1909	0.56891
2	2	28	sarcasm	1	CPf4_16.wav	SPposh2_16.wav	CP_SPpos	16	1	valid	2.2631	0.73596	f4	h2	434.1401	435.1401	437.4032	438.542	439.278	440.278	441.5581	434.1558	435.1419	437.4049	438.5436	439.2794	440.2797	441.0599	0.78014	1.1389
2	2	28	sarcasm	1	CNh3_12.wav	SPnegf2_12.wav	CN_SPneg	12	1	valid	2.1734	0.89252	h3	f2	441.5581	442.5581	444.7316	445.5826	446.4751	447.4751	450.5123	441.5732	442.5596	444.733	445.5841	446.4765	447.4766	450.0138	2.5372	0.85102
2	2	28	sarcasm	1	CNf2_14.wav	SPnegh1_14.wav	CN_SPneg	14	1	directvalide	2.2052	1.4469	f2	h1	450.5123	451.5123	453.7175	454.568	456.0149	457.0149	458.19	450.5282	451.5138	453.719	454.5696	456.0163	457.0166	457.6917	0.67502	0.8505
2	2	28	sarcasm	1	CPh3_6.wav	SPposh2_6.wav	CP_SPpos	6	1	valid	2.0128	1.1263	h3	h2	458.19	459.19	461.2027	462.0765	463.2028	464.2028	466.1185	458.2058	459.1917	461.2042	462.0781	463.205	464.2051	465.6208	1.4157	0.8738
2	2	28	sarcasm	1	CNf4_13.wav	SNnegf2_13.wav	CN_SNneg	13	1	directvalide	2.5701	0.90268	f4	f2	466.1185	467.1185	469.6886	470.9702	471.8729	472.8729	476.5424	466.1351	467.1203	469.69	470.9718	471.8743	472.8744	476.0439	3.1695	1.2816
2	2	28	sarcasm	1	CNh3_4.wav	SPnegh2_4.wav	CN_SPneg	4	1	directvalide	1.7662	1.3093	h3	h2	476.5424	477.5424	479.3086	479.848	481.1572	482.1572	484.8679	476.5602	477.5439	479.3101	479.8496	481.1587	482.1588	484.3695	2.2107	0.53938
2	2	28	sarcasm	1	CNh1_5.wav	SPnegh2_5.wav	CN_SPneg	5	5	valid	2.0088	0.92705	h1	h2	484.8679	485.8679	487.8767	489.0179	489.945	490.945	492.5281	484.8831	485.8695	487.8781	489.0195	489.9464	490.9466	492.0297	1.0831	1.1412
2	2	28	sarcasm	1	CNh1_1.wav	SPnegh3_1.wav	CN_SPneg	1	5	directvalide	1.7653	1.0605	h1	h3	492.5281	493.5281	495.2933	495.8146	496.8751	497.8751	499.0969	492.5443	493.5297	495.2947	495.8161	496.8765	497.8766	498.5985	0.72183	0.52126
2	2	28	sarcasm	1	CNh1_8.wav	SPnegf3_8.wav	CN_SPneg	8	1	directvalide	1.9775	0.96653	h1	f3	499.0969	500.0969	502.0744	503.1672	504.1337	505.1337	507.839	499.113	500.0988	502.0759	503.1687	504.1351	505.1352	507.3405	2.2053	1.0928
2	2	28	sarcasm	1	CNf3_14.wav	SNnegh3_14.wav	CN_SNneg	14	3	valid	1.9585	1.1492	f3	h3	507.839	508.839	510.7975	511.7517	512.9009	513.9009	517.134	507.8552	508.8405	510.7989	511.7533	512.9023	513.9025	516.6356	2.7331	0.95415
2	2	28	sarcasm	1	CPf3_8.wav	SPposf1_8.wav	CP_SPpos	8	1	valid	1.6434	1.0172	f3	f1	517.134	518.134	519.7774	520.8035	521.8207	522.8207	526.7842	517.1495	518.1356	519.7788	520.8051	521.8221	522.8223	526.2858	3.4635	1.0262
2	2	28	sarcasm	1	CNf4_7.wav	SNnegf2_7.wav	CN_SNneg	7	1	directvalide	2.546	1.0627	f4	f2	526.7842	527.7842	530.3303	531.149	532.2117	533.2117	538.1052	526.8	527.786	530.3316	531.1504	532.2132	533.2134	537.6068	4.3934	0.81874
2	2	28	sarcasm	1	CPh2_8.wav	SNposh3_8.wav	CP_SNpos	8	2	nonvalid	1.6061	0.87905	h2	h3	538.1052	539.1052	540.7113	541.9492	542.8283	543.8283	549.3283	538.1217	539.1067	540.7127	541.9508	542.8297	543.8301	NaN	NaN	1.238
2	2	28	sarcasm	1	CNh2_4.wav	SNnegf3_4.wav	CN_SNneg	4	1	valid	2.033	1.3582	h2	f3	549.3283	550.3283	552.3613	553.3957	554.7539	555.7539	556.7161	549.3299	550.3299	552.3628	553.3973	554.7553	555.7556	556.2178	0.46218	1.0344
2	2	28	sarcasm	1	CPh4_12.wav	SNposh2_12.wav	CP_SNpos	12	3	nonvalid	2.3305	0.79694	h4	h2	556.7161	557.7161	560.0466	561.4982	562.2951	563.2951	568.7951	556.74	557.7178	560.0482	561.4997	562.2965	563.2966	NaN	NaN	1.4515
