subID	 genre	 age	 task	 run	 Context 	 Statement	 Condition_name	 Situation	 Evaluation_Score	 Validation_Type	 Time_Context	 Time_Statement	 Voice_Context	 Voice_Statement	 Time_Onset	 Time_Onset_Context	 Time_End_Context	 Time_Onset_Statement	 Time_End_Statement	 Onset_Evaluation	 End_Evaluation	 Real_Time_Onset	 Real_Time_Onset_Context	 Real_Time_End_Context	 Real_Time_Onset_Statement	 Real_Time_End_Statement	 Real_Time_Onset_Evaluation	 Real_Time_End_Evaluation	 RT	 Jitter
37	2	20	tom	5	CPh3_5.wav	SPposf2_5.wav	CP_SPpos	5	1	valid	2.3388	0.89397	h3	f2	0	1	3.3388	4.214	5.1079	6.1079	7.9973	0.0027735	1.0014	3.3402	4.2153	5.1093	6.1097	7.499	1.3893	0.87517
37	2	20	tom	5	CNh2_12.wav	SPnegf1_12.wav	CN_SPneg	12	2	valid	2.094	0.9871	h2	f1	7.9973	8.9973	11.0913	12.2596	13.2467	14.2467	16.8564	8.0152	8.9986	11.0927	12.2609	13.2487	14.2489	16.3587	2.1098	1.1683
37	2	20	tom	5	CNf1_11.wav	SPnegh4_11.wav	CN_SPneg	11	3	directvalide	2.1186	0.9754	f1	h4	16.8564	17.8564	19.9751	20.568	21.5434	22.5434	23.8055	16.8724	17.8581	19.9765	20.5695	21.5448	22.5447	23.3068	0.76208	0.59294
37	2	20	tom	5	CNh3_9.wav	SNnegf4_9.wav	CN_SNneg	9	1	valid	2.246	1.7031	h3	f4	23.8055	24.8055	27.0515	28.4113	30.1144	31.1144	34.6499	23.8216	24.8072	27.0528	28.4127	30.1158	31.1162	34.1516	3.0354	1.3598
37	2	20	tom	5	CNf3_2.wav	SPnegf4_2.wav	CN_SPneg	2	3	valid	1.7522	1.9134	f3	f4	34.6499	35.6499	37.402	38.4858	40.3992	41.3992	42.995	34.6656	35.6513	37.4035	38.4874	40.4005	41.4009	42.4967	1.0958	1.0837
37	2	20	tom	5	CPh3_16.wav	SPposh4_16.wav	CP_SPpos	16	1	valid	1.9799	0.79941	h3	h4	42.995	43.995	45.9749	47.4048	48.2043	49.2043	50.3648	43.0158	43.9969	45.9763	47.4065	48.2057	49.2061	49.8666	0.66055	1.4299
37	2	20	tom	5	CNh1_13.wav	SNnegh3_13.wav	CN_SNneg	13	2	valid	1.881	0.97181	h1	h3	50.3648	51.3648	53.2458	53.9885	54.9604	55.9604	57.82	50.382	51.3667	53.2472	53.9902	54.9618	55.9621	57.3218	1.3596	0.74273
37	2	20	tom	5	CNh4_1.wav	SPnegf3_1.wav	CN_SPneg	1	4	valid	2.6198	1.1436	h4	f3	57.82	58.82	61.4398	62.787	63.9306	64.9306	69.298	57.8373	58.8217	61.4412	62.7887	63.932	64.9323	68.7997	3.8674	1.3471
37	2	20	tom	5	CNf4_14.wav	SNnegh4_14.wav	CN_SNneg	14	2	valid	2.3239	1.1815	f4	h4	69.298	70.298	72.6218	74.0942	75.2757	76.2757	78.3419	69.3129	70.2998	72.6232	74.0959	75.2772	76.2773	77.8436	1.5662	1.4723
37	2	20	tom	5	CNh3_12.wav	SNnegh2_12.wav	CN_SNneg	12	1	valid	2.1734	0.91893	h3	h2	78.3419	79.3419	81.5154	82.4405	83.3594	84.3594	85.5129	78.3593	79.3438	81.5168	82.4423	83.3608	84.3612	85.0146	0.65345	0.92513
37	2	20	tom	5	CNh1_14.wav	SPnegh4_14.wav	CN_SPneg	14	2	valid	1.9124	1.1765	h1	h4	85.5129	86.5129	88.4252	89.0411	90.2176	91.2176	94.7169	85.53	86.5148	88.4266	89.0428	90.219	91.2194	94.2188	2.9993	0.61589
37	2	20	tom	5	CNh2_6.wav	SPnegh4_6.wav	CN_SPneg	6	4	valid	2.4152	1.1413	h2	h4	94.7169	95.7169	98.1322	98.6693	99.8106	100.8106	104.5139	94.7339	95.7187	98.1336	98.6711	99.812	100.8124	104.0156	3.2033	0.53717
37	2	20	tom	5	CNh1_4.wav	SPnegh2_4.wav	CN_SPneg	4	4	valid	1.7749	1.3093	h1	h2	104.5139	105.5139	107.2888	107.8382	109.1474	110.1474	111.6271	104.5328	105.5156	107.2903	107.84	109.1488	110.1491	111.1288	0.97965	0.54933
37	2	20	tom	5	CPh1_4.wav	SPposf2_4.wav	CP_SPpos	4	1	valid	2.0088	1.2019	h1	f2	111.6271	112.6271	114.6359	116.0428	117.2447	118.2447	120.0057	111.6445	112.6288	114.6373	116.0445	117.2461	118.2464	119.5074	1.261	1.4069
37	2	20	tom	5	CPh4_1.wav	SNposf2_1.wav	CP_SNpos	1	2	valid	2.6714	1.0681	h4	f2	120.0057	121.0057	123.6771	124.3347	125.4028	126.4028	130.7317	120.0263	121.0075	123.6784	124.3365	125.4043	126.4044	130.2333	3.8289	0.65764
37	2	20	tom	5	CPf4_9.wav	SPposh3_9.wav	CP_SPpos	9	1	valid	2.0725	1.3226	f4	h3	130.7317	131.7317	133.8042	134.5521	135.8747	136.8747	137.9812	130.754	131.7335	133.8056	134.5539	135.8761	136.8763	137.4828	0.60646	0.74789
37	2	20	tom	5	CPf4_7.wav	SNposh2_7.wav	CP_SNpos	7	1	valid	2.1392	1.0938	f4	h2	137.9812	138.9812	141.1203	141.8461	142.9399	143.9399	146.5107	138.0024	138.9828	141.1217	141.8478	142.9413	143.9418	146.0126	2.0708	0.72579
37	2	20	tom	5	CNf2_10.wav	SNnegh3_10.wav	CN_SNneg	10	1	valid	2.2019	0.87905	f2	h3	146.5107	147.5107	149.7126	150.9206	151.7997	152.7997	153.9712	146.5271	147.5124	149.714	150.9224	151.8011	152.8014	153.4728	0.67148	1.2081
37	2	20	tom	5	CPh4_3.wav	SNposh2_3.wav	CP_SNpos	3	3	valid	2.1244	1.1263	h4	h2	153.9712	154.9712	157.0956	157.7699	158.8962	159.8962	162.0975	153.9918	154.973	157.097	157.7715	158.8975	159.8979	161.5992	1.7013	0.67431
37	2	20	tom	5	CPf4_16.wav	SNposh1_16.wav	CP_SNpos	16	4	valid	2.2631	0.68971	f4	h1	162.0975	163.0975	165.3606	166.0827	166.7724	167.7724	170.5578	162.1266	163.0994	165.3619	166.0844	166.7739	167.7742	170.0596	2.2854	0.72207
37	2	20	tom	5	CNf1_5.wav	SNnegf4_5.wav	CN_SNneg	5	2	valid	1.9802	1.2055	f1	f4	170.5578	171.5578	173.538	174.8303	176.0358	177.0358	178.9532	170.577	171.5594	173.5394	174.8322	176.0372	177.0374	178.4548	1.4173	1.2923
37	2	20	tom	5	CNh1_11.wav	SNnegf3_11.wav	CN_SNneg	11	1	valid	2.0088	1.1143	h1	f3	178.9532	179.9532	181.9619	182.7985	183.9128	184.9128	186.5343	178.9725	179.9547	181.9633	182.8002	183.9144	184.9144	186.0359	1.1215	0.83659
37	2	20	tom	5	CPf2_4.wav	SNposh4_4.wav	CP_SNpos	4	2	valid	2.28	1.2368	f2	h4	186.5343	187.5343	189.8143	191.2405	192.4773	193.4773	195.9821	186.5511	187.5362	189.8157	191.2422	192.4787	193.479	195.4837	2.0047	1.4261
37	2	20	tom	5	CPh1_11.wav	SNposh2_11.wav	CP_SNpos	11	1	valid	2.344	0.85794	h1	h2	195.9821	196.9821	199.3261	200.567	201.4249	202.4249	204.7252	196.0018	196.9838	199.3275	200.5686	201.4263	202.4265	204.2269	1.8003	1.2409
37	2	20	tom	5	CNf2_5.wav	SPnegf4_5.wav	CN_SPneg	5	3	directvalide	2.315	1.1234	f2	f4	204.7252	205.7252	208.0402	208.7156	209.8391	210.8391	212.6078	204.7415	205.727	208.0416	208.7171	209.8404	210.8409	212.1096	1.2687	0.67543
37	2	20	tom	5	CNh2_6.wav	SNnegh1_6.wav	CN_SNneg	6	1	valid	2.4152	0.90676	h2	h1	212.6078	213.6078	216.023	217.3147	218.2215	219.2215	221.0132	212.6245	213.6096	216.0245	217.3163	218.2229	219.2232	220.5149	1.2917	1.2917
37	2	20	tom	5	CPh4_2.wav	SPposf1_2.wav	CP_SPpos	2	1	valid	2.0214	1.5529	h4	f1	221.0132	222.0132	224.0346	224.7504	226.3032	227.3032	228.5089	221.0553	222.0157	224.036	224.7521	226.3046	227.305	228.0107	0.70567	0.71581
37	2	20	tom	5	CPh4_12.wav	SPposf2_12.wav	CP_SPpos	12	2	valid	2.3305	0.82431	h4	f2	228.5089	229.5089	231.8394	233.3215	234.1458	235.1458	236.909	228.5261	229.5106	231.8408	233.3233	234.1472	235.1476	236.4108	1.2632	1.4821
37	2	20	tom	5	CPf1_10.wav	SNposf2_10.wav	CP_SNpos	10	3	directvalide	1.7244	0.85333	f1	f2	236.909	237.909	239.6334	240.4698	241.3232	242.3232	244.9318	236.9288	237.9107	239.6348	240.4717	241.3246	242.3248	244.4335	2.1086	0.83643
37	2	20	tom	5	CNf2_1.wav	SNnegh4_1.wav	CN_SNneg	1	1	valid	2.315	1.1614	f2	h4	244.9318	245.9318	248.2468	249.7384	250.8998	251.8998	253.0942	244.951	245.9333	248.2486	249.74	250.9011	251.9013	252.5958	0.69448	1.4916
37	2	20	tom	5	CPh1_7.wav	SPposf4_7.wav	CP_SPpos	7	1	valid	1.7797	1.2568	h1	f4	253.0942	254.0942	255.874	257.1513	258.4081	259.4081	260.5181	253.1152	254.0959	255.8754	257.1529	258.4094	259.4098	260.0198	0.61	1.2773
37	2	20	tom	5	CNh1_7.wav	SPnegf4_7.wav	CN_SPneg	7	5	valid	2.101	1.1286	h1	f4	260.5181	261.5181	263.619	264.4417	265.5703	266.5703	268.95	260.5343	261.5199	263.6205	264.4436	265.5717	266.572	268.4517	1.8797	0.8227
37	2	20	tom	5	CPh1_8.wav	SPposf4_8.wav	CP_SPpos	8	1	valid	1.4807	1.0619	h1	f4	268.95	269.95	271.4307	272.8883	273.9502	274.9502	275.958	268.9684	269.9518	271.4321	272.89	273.9516	274.9519	275.4598	0.50783	1.4576
37	2	20	tom	5	CPf2_10.wav	SPposf3_10.wav	CP_SPpos	10	1	valid	2.1819	0.9346	f2	f3	275.958	276.958	279.1399	279.7099	280.6445	281.6445	282.625	275.9747	276.9596	279.1414	279.7117	280.646	281.6463	282.1268	0.48052	0.56994
37	2	20	tom	5	CPf3_8.wav	SNposf2_8.wav	CP_SNpos	8	3	directvalide	1.6434	0.85624	f3	f2	282.625	283.625	285.2684	285.8725	286.7287	287.7287	289.528	282.6427	283.6269	285.2698	285.874	286.7301	287.7303	289.0296	1.2993	0.6041
37	2	20	tom	5	CPh3_6.wav	SNposf3_6.wav	CP_SNpos	6	3	directvalide	2.0128	1.1576	h3	f3	289.528	290.528	292.5408	293.3122	294.4697	295.4697	296.8939	289.5444	290.5297	292.5422	293.3141	294.4711	295.4716	296.3957	0.92414	0.7714
37	2	20	tom	5	CPh3_1.wav	SPposf2_1.wav	CP_SPpos	1	1	valid	2.0823	1.0405	h3	f2	296.8939	297.8939	299.9762	300.8299	301.8705	302.8705	304.107	296.9127	297.8955	299.9776	300.8323	301.8718	302.8722	303.6087	0.73654	0.85376
37	2	20	tom	5	CNf3_3.wav	SNnegh4_3.wav	CN_SNneg	3	1	valid	2.8553	1.0357	f3	h4	304.107	305.107	307.9623	308.7118	309.7475	310.7475	312.1763	304.1294	305.1086	307.9637	308.7134	309.7489	310.7491	311.6779	0.9288	0.74952
37	2	20	tom	5	CPh2_5.wav	SNposf4_5.wav	CP_SNpos	5	2	valid	2.2688	1.2107	h2	f4	312.1763	313.1763	315.4452	316.3163	317.527	318.527	320.1381	312.1928	313.1779	315.4466	316.3181	317.5284	318.5285	319.6396	1.1111	0.87118
37	2	20	tom	5	CNf2_9.wav	SPnegh2_9.wav	CN_SPneg	9	3	directvalide	2.4979	1.0978	f2	h2	320.1381	321.1381	323.636	325.0339	326.1317	327.1317	329.5211	320.1576	321.1399	323.6374	325.0355	326.1331	327.1333	329.0227	1.8894	1.3979
37	2	20	tom	5	CNf3_2.wav	SNnegf2_2.wav	CN_SNneg	2	3	directvalide	1.7522	1.171	f3	f2	329.5211	330.5211	332.2733	332.9953	334.1663	335.1663	338.3531	329.5374	330.5228	332.2747	332.9972	334.1676	335.168	337.8548	2.6868	0.72207
37	2	20	tom	5	CNf1_16.wav	SPnegf2_16.wav	CN_SPneg	16	4	valid	1.716	0.72127	f1	f2	338.3531	339.3531	341.0691	341.7998	342.5211	343.5211	345.7829	338.3698	339.3546	341.0705	341.8014	342.5225	343.5226	345.2845	1.7619	0.7307
37	2	20	tom	5	CPh4_9.wav	SNposf2_9.wav	CP_SNpos	9	2	valid	2.5525	1.2481	h4	f2	345.7829	346.7829	349.3354	350.1647	351.4128	352.4128	356.4521	345.8019	346.7844	349.3369	350.166	351.4142	352.4143	355.9536	3.5393	0.8293
37	2	20	tom	5	CNh4_13.wav	SPnegf3_13.wav	CN_SPneg	13	3	valid	2.5239	0.94912	h4	f3	356.4521	357.4521	359.9761	360.8528	361.8019	362.8019	365.8941	356.4672	357.4536	359.9774	360.8544	361.8032	362.8035	365.3957	2.5922	0.8767
37	2	20	tom	5	CNf4_7.wav	SNnegh2_7.wav	CN_SNneg	7	1	valid	2.546	1.0775	f4	h2	365.8941	366.8941	369.4401	370.5157	371.5932	372.5932	373.6068	365.9102	366.8958	369.4415	370.5174	371.5947	372.5953	373.1088	0.51354	1.0756
37	2	20	tom	5	CPf3_15.wav	SPposh2_15.wav	CP_SPpos	15	1	valid	1.5646	0.90673	f3	h2	373.6068	374.6068	376.1714	377.1757	378.0824	379.0824	380.0621	373.6239	374.6086	376.1728	377.1773	378.0838	379.0841	379.5637	0.47965	1.0043
37	2	20	tom	5	CPh1_6.wav	SPposh3_6.wav	CP_SPpos	6	1	valid	1.8135	1.1371	h1	h3	380.0621	381.0621	382.8756	383.4383	384.5754	385.5754	386.8608	380.0793	381.0638	382.8771	383.4397	384.5768	385.5771	386.3625	0.7854	0.56268
37	2	20	tom	5	CNh4_10.wav	SPnegf1_10.wav	CN_SPneg	10	3	directvalide	2.1066	0.98107	h4	f1	386.8608	387.8608	389.9674	390.7646	391.7456	392.7456	394.939	386.8776	387.8624	389.9688	390.7661	391.747	392.7473	394.4407	1.6934	0.79715
37	2	20	tom	5	CPh3_11.wav	SPposf1_11.wav	CP_SPpos	11	1	valid	2.3025	1.1195	h3	f1	394.939	395.939	398.2415	399.5117	400.6312	401.6312	403.4511	394.9554	395.9406	398.2429	399.5133	400.6326	401.6328	402.9527	1.3198	1.2702
37	2	20	tom	5	CNf1_15.wav	SPnegh2_15.wav	CN_SPneg	15	3	directvalide	1.716	0.87828	f1	h2	403.4511	404.4511	406.1671	406.8627	407.741	408.741	411.9939	403.4683	404.4529	406.1685	406.8643	407.7424	408.7426	411.4955	2.753	0.6956
37	2	20	tom	5	CNh3_8.wav	SNnegf3_8.wav	CN_SNneg	8	1	valid	2.0439	0.94175	h3	f3	411.9939	412.9939	415.0378	416.0041	416.9459	417.9459	418.894	412.0115	412.9956	415.0392	416.0056	416.9472	417.9475	418.3956	0.44814	0.96626
37	2	20	tom	5	CNf2_15.wav	SNnegf3_15.wav	CN_SNneg	15	1	valid	2.1254	1.0843	f2	f3	418.894	419.894	422.0194	423.3843	424.4686	425.4686	427.3941	418.9231	419.8956	422.0207	423.386	424.47	425.4702	426.8956	1.4255	1.3649
37	2	20	tom	5	CPf3_13.wav	SPposh3_13.wav	CP_SPpos	13	2	valid	1.7859	0.9839	f3	h3	427.3941	428.3941	430.18	431.0484	432.0323	433.0323	434.8048	427.4102	428.3957	430.182	431.0503	432.0337	433.0339	434.3065	1.2725	0.86833
37	2	20	tom	5	CNh4_16.wav	SNnegf4_16.wav	CN_SNneg	16	4	valid	2.2909	1.108	h4	f4	434.8048	435.8048	438.0957	439.4388	440.5468	441.5468	443.3386	434.8203	435.8061	438.097	439.4403	440.5487	441.5488	442.8406	1.2918	1.3431
37	2	20	tom	5	CNh1_3.wav	SPnegf3_3.wav	CN_SPneg	3	4	valid	2.4936	1.4692	h1	f3	443.3386	444.3386	446.8322	447.3879	448.8571	449.8571	452.3311	443.3553	444.3403	446.8335	447.3896	448.8586	449.8587	451.8326	1.9739	0.55578
37	2	20	tom	5	CPh3_12.wav	SNposh4_12.wav	CP_SNpos	12	2	valid	1.9436	0.88991	h3	h4	452.3311	453.3311	455.2747	456.6115	457.5014	458.5014	460.8449	452.3472	453.3326	455.276	456.613	457.5027	458.5031	460.3467	1.8436	1.3368
37	2	20	tom	5	CPf3_14.wav	SPposf4_14.wav	CP_SPpos	14	1	valid	2.2174	1.2568	f3	f4	460.8449	461.8449	464.0623	465.3613	466.6181	467.6181	468.8602	460.8612	461.8466	464.0637	465.3631	466.6194	467.6196	468.3617	0.74212	1.2989
37	2	20	tom	5	CNh1_8.wav	SPnegf2_8.wav	CN_SPneg	8	3	valid	1.9775	0.92735	h1	f2	468.8602	469.8602	471.8377	472.3734	473.3008	474.3008	477.3898	468.8763	469.8616	471.8391	472.375	473.3022	474.3023	476.8913	2.589	0.53573
37	2	20	tom	5	CPf4_15.wav	SNposf1_15.wav	CP_SNpos	15	2	valid	1.9186	1.0473	f4	f1	477.3898	478.3898	480.3084	481.1676	482.2148	483.2148	485.3223	477.4128	478.3914	480.3097	481.1692	482.2163	483.2165	484.8239	1.6074	0.8592
37	2	20	tom	5	CNh2_4.wav	SNnegf2_4.wav	CN_SNneg	4	1	valid	2.033	1.3926	h2	f2	485.3223	486.3223	488.3553	489.767	491.1596	492.1596	493.2302	485.341	486.3238	488.3568	489.7686	491.161	492.1612	492.7318	0.57058	1.4118
37	2	20	tom	5	CPf2_13.wav	SNposh2_13.wav	CP_SNpos	13	2	valid	2.0821	0.99211	f2	h2	493.2302	494.2302	496.3123	497.037	498.0291	499.0291	504.5271	493.2457	494.232	496.3138	497.0386	498.0305	499.0305	504.0285	4.998	0.72466
37	2	20	tom	5	CPf3_2.wav	SNposf2_2.wav	CP_SNpos	2	4	valid	1.923	1.1267	f3	f2	504.5271	505.5271	507.4501	508.5724	509.6991	510.6991	511.7032	504.5455	505.5286	507.4515	508.5742	509.7005	510.7007	511.2048	0.50408	1.1223
37	2	20	tom	5	CPh4_3.wav	SPposh3_3.wav	CP_SPpos	3	1	valid	2.1244	1.125	h4	h3	511.7032	512.7032	514.8276	515.9	517.0251	518.0251	519.0941	511.7192	512.7049	514.829	515.9016	517.0265	518.0267	518.5957	0.56901	1.0724
37	2	20	tom	5	CPf2_14.wav	SNposf1_14.wav	CP_SNpos	14	4	valid	2.4813	1.0894	f2	f1	519.0941	520.0941	522.5753	523.2529	524.3423	525.3423	526.8282	519.1103	520.0957	522.5767	523.2547	524.3437	525.3439	526.3297	0.98581	0.67759
